# {"id":"_3302","idOriginal":"_3302","origin":[14.274347710674348,48.296633494390896],"elevation":301.549}
# Longitude: 14.274347710674348
# Latitude: 48.296633494390896
# Elevation: 301.549

# File produced by Open Asset Import Library (http://www.assimp.sf.net)
# (assimp v3.1.0)

mtllib _3302.obj.mtl

# 40 vertex positions
v  19.1 20.864 48.534
v  30.278 20.864 55.941
v  26.249 20.864 45.713
v  23.126 20.864 58.764
v  23.126 -3.59826e-15 58.764
v  30.278 -3.4254e-15 55.941
v  26.249 -2.79911e-15 45.713
v  19.1 -2.97185e-15 48.534
v  7.59 13.941 19.286
v  17.017 13.941 22.273
v  14.73 13.941 16.468
v  19.877 13.941 29.535
v  9.875 13.941 25.092
v  12.733 13.941 32.355
v  7.59 -1.18093e-15 19.286
v  12.733 -1.98117e-15 32.355
v  9.875 -1.53644e-15 25.092
v  19.877 -1.8085e-15 29.535
v  14.73 -1.00837e-15 16.468
v  17.017 -1.36383e-15 22.273
v  12.733 17.131 32.355
v  23.377 17.131 38.42
v  19.877 17.131 29.535
v  16.23 17.131 41.241
v  16.23 -2.52528e-15 41.241
v  23.377 -2.35255e-15 38.42
v  16.23 16.751 41.241
v  26.249 16.751 45.713
v  23.377 16.751 38.42
v  19.1 16.751 48.534
v  0 9.491 5.81156e-16
v  10.223 9.488 5.026
v  7.112 9.491 -2.872
v  3.086 9.488 7.843
v  14.73 9.488 16.468
v  7.59 9.488 19.286
v  0 0 0
v  3.086 -4.80245e-16 7.843
v  10.223 -3.07754e-16 5.026
v  7.112 1.75859e-16 -2.872

# 0 UV coordinates

# 44 vertex normals
vn -0 1 0
vn 0.367149 -0 0.930162
vn 0.930415 0 -0.366508
vn -0.367057 0 -0.930198
vn -0.930532 0 0.366209
vn 3.50716e-23 -1 -6.12324e-17
vn 1.50386e-23 -1 -6.12323e-17
vn -0.930529 0 0.366218
vn -0.930547 2.21392e-05 0.366172
vn -0.930539 0 0.366192
vn 0 -1 -6.13174e-17
vn 0.367166 -0 0.930155
vn 0.930443 0 -0.366437
vn 0.930398 -6.77362e-05 -0.36655
vn 0.930423 0 -0.366487
vn -7.18824e-20 1 6.12797e-17
vn -0.367119 0 -0.930174
vn -1.05974e-23 -1 -6.12323e-17
vn 7.0685e-24 -1 -6.12324e-17
vn 2.21077e-24 -1 -6.12323e-17
vn -0.930535 0 0.366203
vn 0.367146 -0 0.930163
vn 0.930414 0 -0.366511
vn -0.367166 0 -0.930155
vn -3.46325e-23 -1 -6.12323e-17
vn 0.367057 -0 0.930199
vn 0.930452 0 -0.366414
vn -0.367146 0 -0.930163
vn -0.930539 0 0.366193
vn 0.000132351 1 0.000327743
vn 0.000130693 1 0.000331116
vn -0.930557 -2.24201e-17 0.366148
vn -0.930515 -0.000100959 0.366254
vn -0.930557 0.000147307 0.366148
vn -0.930515 0 0.366254
vn 0.367119 -0 0.930174
vn 0.930421 0 -0.366493
vn 0.930422 0 -0.36649
vn -0.374446 0 -0.927249
vn -0.374446 5.67776e-17 -0.927249
vn 4.48663e-24 -1 -6.12323e-17
vn -4.48841e-24 -1 -6.12323e-17
vn 2.45588e-24 -1 -6.12323e-17
vn 6.50509e-24 -1 -6.12323e-17

# Mesh 'defaultobject' with 76 faces
g defaultobject
usemtl DefaultMaterial
f  1//1 2//1 3//1
f  2//1 1//1 4//1
f  5//2 2//2 4//2
f  2//2 5//2 6//2
f  6//3 3//3 2//3
f  3//3 6//3 7//3
f  7//4 1//4 3//4
f  1//4 7//4 8//4
f  8//5 4//5 1//5
f  4//5 8//5 5//5
f  8//6 6//6 5//6
f  6//6 8//6 7//7
f  9//1 10//1 11//1
f  10//1 9//1 12//1
f  12//1 9//1 13//1
f  12//1 13//1 14//1
f  15//8 13//8 9//8
f  13//9 15//9 14//9
f  14//10 15//10 16//10
f  16//11 15//11 17//11
f  16//12 12//12 14//12
f  12//12 16//12 18//12
f  18//13 10//13 12//13
f  10//14 18//14 11//14
f  11//15 18//15 19//15
f  19//16 18//16 20//16
f  19//17 9//17 11//17
f  9//17 19//17 15//17
f  17//11 18//18 16//11
f  18//18 17//11 15//11
f  18//18 15//11 20//19
f  20//19 15//11 19//20
f  21//1 22//1 23//1
f  22//1 21//1 24//1
f  16//21 24//21 21//21
f  24//21 16//21 25//21
f  25//22 22//22 24//22
f  22//22 25//22 26//22
f  26//23 23//23 22//23
f  23//23 26//23 18//23
f  18//24 21//24 23//24
f  21//24 18//24 16//24
f  16//11 26//25 25//25
f  26//25 16//11 18//18
f  27//1 28//1 29//1
f  28//1 27//1 30//1
f  8//26 28//26 30//26
f  28//26 8//26 7//26
f  7//27 29//27 28//27
f  29//27 7//27 26//27
f  26//28 27//28 29//28
f  27//28 26//28 25//28
f  25//29 30//29 27//29
f  30//29 25//29 8//29
f  25//25 7//7 8//6
f  7//7 25//25 26//25
f  31//30 32//30 33//30
f  32//30 31//30 34//31
f  32//1 34//1 35//1
f  35//1 34//1 36//1
f  37//32 34//32 31//32
f  34//33 37//33 36//33
f  36//34 37//34 38//34
f  36//35 38//35 15//35
f  15//36 35//36 36//36
f  35//36 15//36 19//36
f  19//15 32//37 35//37
f  32//37 19//15 39//37
f  32//37 39//37 33//38
f  33//38 39//37 40//38
f  40//39 31//39 33//39
f  31//39 40//39 37//40
f  38//41 19//20 15//11
f  19//20 38//41 39//42
f  39//42 38//41 37//43
f  39//42 37//43 40//44

