# {"id":"ID_10732","idOriginal":"ID_10732","origin":[14.319082666327521,48.256167448186986],"elevation":257.173}
# Longitude: 14.319082666327521
# Latitude: 48.256167448186986
# Elevation: 257.173

# File produced by Open Asset Import Library (http://www.assimp.sf.net)
# (assimp v3.1.0)

mtllib ID_10732.obj.mtl

# 18 vertex positions
v  2.805 15.876 5.424
v  22.444 13.644 2.138
v  19.625 15.876 -3.297
v  5.988 13.644 10.67
v  5.617 13.644 10.862
v  9.742 13.645 -5.068
v  16.801 13.641 -8.74
v  7.097 13.646 -3.692
v  0 13.65 8.35821e-16
v  16.801 5.35171e-16 -8.74
v  9.742 3.10326e-16 -5.068
v  0 0 0
v  7.097 2.2607e-16 -3.692
v  5.617 -6.65106e-16 10.862
v  2.805 -3.32124e-16 5.424
v  22.444 -1.30915e-16 2.138
v  5.988 -6.53349e-16 10.67
v  19.625 2.01883e-16 -3.297

# 0 UV coordinates

# 29 vertex normals
vn 0.157653 0.939517 0.304062
vn 0.157655 0.939512 0.304075
vn 0.157433 0.939507 0.304207
vn -0.157613 0.939538 -0.304017
vn -0.157619 0.939544 -0.303996
vn -0.157868 0.939455 -0.304142
vn -0.157645 0.939521 -0.304053
vn -0.461483 0 -0.887149
vn -0.461511 -1.83585e-05 -0.887134
vn -0.461506 -1.38433e-05 -0.887137
vn -0.461483 2.20567e-05 -0.887149
vn -0.461508 5.43214e-17 -0.887136
vn 0 -1 -6.02693e-17
vn -0.888252 -2.81274e-17 0.459356
vn -0.888266 1.17464e-05 0.459329
vn -0.88826 0 0.459341
vn 0 -1 -6.13716e-17
vn 0.459617 -0 0.888117
vn 0.460286 -2.30406e-05 0.887771
vn 0.460271 0 0.887779
vn 0 1 6.11934e-17
vn 0.887641 0 -0.460536
vn 0.887691 -4.1677e-05 -0.46044
vn 0.887641 5.52384e-05 -0.460536
vn 0.887698 0 -0.460427
vn 8.53802e-23 -1 -6.12323e-17
vn 0 -1 -6.12323e-17
vn 0 -1 -6.12323e-17
vn 0 -1 -6.12205e-17

# Mesh 'defaultobject' with 32 faces
g defaultobject
usemtl DefaultMaterial
f  1//1 2//1 3//1
f  2//2 1//2 4//2
f  4//3 1//3 5//3
f  6//4 3//4 7//4
f  3//5 6//5 1//5
f  1//6 6//6 8//6
f  1//7 8//7 9//7
f  10//8 6//8 7//8
f  6//9 10//9 8//9
f  8//9 10//9 9//10
f  9//11 10//11 11//11
f  9//12 11//12 12//12
f  12//13 11//13 13//13
f  12//14 1//14 9//14
f  1//15 12//15 5//15
f  5//16 12//16 14//16
f  14//17 12//13 15//17
f  14//18 4//18 5//18
f  4//19 14//19 2//19
f  2//20 14//20 16//20
f  16//21 14//21 17//21
f  3//22 10//22 7//22
f  10//23 3//23 2//23
f  10//24 2//24 18//24
f  18//25 2//25 16//25
f  13//13 15//17 12//13
f  15//17 13//13 14//17
f  14//17 13//13 17//26
f  17//26 13//13 16//27
f  16//27 13//13 11//13
f  16//27 11//13 10//28
f  16//27 10//28 18//29

