# {"id":"ID_5896","idOriginal":"ID_5896","origin":[14.355696394394602,48.25935538288151],"elevation":252.136}
# Longitude: 14.355696394394602
# Latitude: 48.25935538288151
# Elevation: 252.136

# File produced by Open Asset Import Library (http://www.assimp.sf.net)
# (assimp v3.1.0)

mtllib ID_5896.obj.mtl

# 30 vertex positions
v  9.497 9.788 8.474
v  10.448 9.788 -1.81
v  7.793 9.788 -1.35
v  13.017 9.788 -2.267
v  30.275 9.788 -5.272
v  13.471 9.788 7.783
v  24.85 9.788 5.804
v  30.275 9.788 4.861
v  31.662 9.788 -5.513
v  33.368 9.788 4.323
v  33.368 -2.64707e-16 4.323
v  30.275 -2.9765e-16 4.861
v  24.85 -3.55392e-16 5.804
v  13.471 -4.76571e-16 7.783
v  9.497 -5.18883e-16 8.474
v  31.662 3.37574e-16 -5.513
v  30.275 3.22817e-16 -5.272
v  13.017 1.38814e-16 -2.267
v  10.448 1.10831e-16 -1.81
v  7.793 8.26637e-17 -1.35
v  1.319 12.595 7.573
v  4.523 12.595 -0.783
v  0 12.595 7.71221e-16
v  9.497 12.595 8.474
v  7.793 12.595 -1.35
v  1.703 12.595 9.829
v  1.703 -6.01853e-16 9.829
v  0 0 0
v  4.523 4.79449e-17 -0.783
v  1.319 -4.63712e-16 7.573

# 0 UV coordinates

# 38 vertex normals
vn 0 1 0
vn 0.171368 0 0.985207
vn 0.171257 -3.62033e-05 0.985226
vn 0.171368 6.34979e-05 0.985207
vn 0.171345 5.02189e-05 0.985211
vn 0.171257 -0.000105336 0.985226
vn 0.171345 0 0.985211
vn 0.17131 -0 0.985217
vn 0.98529 0 -0.170893
vn -0.171191 0 -0.985238
vn -0.171541 -5.10702e-05 -0.985177
vn -0.171191 0.000635626 -0.985238
vn -0.171541 -0 -0.985177
vn -0.175141 -0 -0.984543
vn -0.170715 0.00119795 -0.98532
vn -0.175141 -0.00123708 -0.984543
vn -0.170715 -0 -0.985321
vn -0.985288 0 0.170901
vn -1.05305e-23 -1 -6.12323e-17
vn 1.57676e-23 -1 -6.12323e-17
vn 0 -1 -6.12323e-17
vn 2.7559e-24 -1 -6.12323e-17
vn 2.42221e-24 -1 -6.12323e-17
vn -1.92607e-24 -1 -6.12323e-17
vn 3.37825e-24 -1 -6.12323e-17
vn -3.01356e-23 -1 -6.12323e-17
vn 0.171283 -0 0.985222
vn 0.985288 0 -0.170901
vn -0.170845 0 -0.985298
vn -0.170578 7.14499e-05 -0.985344
vn -0.17069 6.03337e-17 -0.985325
vn 0 -1 -6.12205e-17
vn -0.985821 0 0.167799
vn -0.985168 0.000698551 0.171588
vn -0.985818 -0.00234646 0.167799
vn -0.985169 0 0.171588
vn -8.05397e-24 -1 -6.12323e-17
vn 0 -1 -6.12323e-17

# Mesh 'defaultobject' with 56 faces
g defaultobject
usemtl DefaultMaterial
f  1//1 2//1 3//1
f  2//1 1//1 4//1
f  4//1 1//1 5//1
f  5//1 1//1 6//1
f  5//1 6//1 7//1
f  5//1 7//1 8//1
f  5//1 8//1 9//1
f  9//1 8//1 10//1
f  8//2 11//2 10//2
f  11//3 8//3 7//3
f  11//4 7//4 12//4
f  12//5 7//5 6//5
f  12//6 6//6 13//6
f  13//7 6//7 14//7
f  14//8 6//8 1//8
f  14//8 1//8 15//8
f  11//9 9//9 10//9
f  9//9 11//9 16//9
f  16//10 5//10 9//10
f  5//11 16//11 4//11
f  4//12 16//12 17//12
f  4//13 17//13 18//13
f  4//14 18//14 2//14
f  2//15 18//15 3//15
f  3//16 18//16 19//16
f  3//17 19//17 20//17
f  20//18 1//18 3//18
f  1//18 20//18 15//18
f  20//19 14//19 15//19
f  14//19 20//19 19//20
f  14//19 19//20 18//21
f  14//19 18//21 13//22
f  13//22 18//21 17//23
f  13//22 17//23 12//24
f  12//24 17//23 11//25
f  11//25 17//23 16//26
f  21//1 22//1 23//1
f  22//1 24//1 25//1
f  24//1 22//1 21//1
f  24//1 21//1 26//1
f  27//27 24//27 26//27
f  24//27 27//27 15//27
f  15//28 25//28 24//28
f  25//28 15//28 20//28
f  20//29 22//29 25//29
f  22//30 20//30 23//30
f  23//31 20//31 28//31
f  28//32 20//19 29//32
f  21//33 27//33 26//33
f  27//34 21//34 23//34
f  27//35 23//35 30//35
f  30//36 23//36 28//36
f  27//37 20//19 15//19
f  20//19 27//37 29//32
f  29//32 27//37 30//38
f  29//32 30//38 28//32

