# File produced by Open Asset Import Library (http://www.assimp.sf.net)
# (assimp v3.1.0)

mtllib ID_26355.obj.mtl

# 10 vertex positions
v  7.307 3.745 -4.193
v  5.24 3.745 9.132
v  12.547 3.745 4.938
v  7.163 3.745 -4.11
v  0 3.745 2.29315e-16
v  12.547 -3.02365e-16 4.938
v  7.307 2.56747e-16 -4.193
v  0 0 0
v  7.163 2.51665e-16 -4.11
v  5.24 -5.59174e-16 9.132

# 0 UV coordinates

# 10 vertex normals
vn 0 1 -0
vn 0.86733 0 -0.497734
vn -0.499374 0 -0.866387
vn -0.497677 8.68681e-05 -0.867362
vn -0.49771 5.31095e-17 -0.867343
vn 0 -1 -6.12238e-17
vn -0.867353 -3.04749e-17 0.497693
vn -0.867353 0 0.497693
vn 0.4978 -0 0.867292
vn 2.38744e-24 -1 -6.12323e-17

# Mesh 'defaultobject' with 16 faces
g defaultobject
usemtl DefaultMaterial
f  1//1 2//1 3//1
f  2//1 1//1 4//1
f  2//1 4//1 5//1
f  6//2 1//2 3//2
f  1//2 6//2 7//2
f  7//3 4//3 1//3
f  4//4 7//4 5//4
f  5//5 7//5 8//5
f  8//6 7//6 9//6
f  8//7 2//7 5//7
f  2//7 8//7 10//8
f  10//9 3//9 2//9
f  3//9 10//9 6//9
f  10//10 7//6 6//10
f  7//6 10//10 9//6
f  9//6 10//10 8//6

