# {"id":"ID_12035","idOriginal":"ID_12035","origin":[14.357799415218233,48.25829463550953],"elevation":249.71}
# Longitude: 14.357799415218233
# Latitude: 48.25829463550953
# Elevation: 249.71

# File produced by Open Asset Import Library (http://www.assimp.sf.net)
# (assimp v3.1.0)

mtllib ID_12035.obj.mtl

# 46 vertex positions
v  15.732 11.774 5.063
v  8.002 12.07 5.509
v  15.737 11.774 5.162
v  7.734 12.07 -0.347
v  15.468 11.774 -0.694
v  0.053 11.774 1.173
v  0 11.774 7.2095e-16
v  0.159 11.774 3.486
v  0.265 11.774 5.784
v  0.268 11.774 5.856
v  0.268 -3.58577e-16 5.856
v  0.159 -2.13456e-16 3.486
v  0.053 -7.18255e-17 1.173
v  0 0 0
v  0.265 -3.54168e-16 5.784
v  15.737 -3.16081e-16 5.162
v  8.002 -3.37329e-16 5.509
v  15.468 4.24952e-17 -0.694
v  15.732 -3.10019e-16 5.063
v  7.734 2.12476e-17 -0.347
v  15.885 11.774 8.407
v  8.375 12.07 13.656
v  16.109 11.774 13.31
v  8.151 12.07 8.754
v  0.416 11.774 9.101
v  0.481 11.774 10.515
v  0.641 11.774 14.003
v  0.587 11.774 12.827
v  0.416 -5.57276e-16 9.101
v  0.641 -8.57436e-16 14.003
v  0.481 -6.43858e-16 10.515
v  0.587 -7.85427e-16 12.827
v  16.109 -8.15002e-16 13.31
v  8.375 -8.36189e-16 13.656
v  15.885 -5.1478e-16 8.407
v  8.151 -5.36028e-16 8.754
v  0.375 12.75 8.198
v  8.002 13.828 5.509
v  0.268 13.828 5.856
v  0.416 12.334 9.101
v  8.151 12.334 8.754
v  15.737 13.828 5.162
v  15.843 12.757 7.488
v  15.885 12.334 8.407
v  15.843 -4.58508e-16 7.488
v  0.375 -5.01983e-16 8.198

# 0 UV coordinates

# 71 vertex normals
vn 0.0381532 0.99927 -0.00192661
vn 0.0381636 0.99927 -0.00174655
vn 0.038166 0.99927 -0.00175019
vn -0.0381672 0.99927 0.00172452
vn -0.0381628 0.99927 0.00174652
vn -0.0381642 0.99927 0.00174898
vn -0.0381672 0.99927 0.00176055
vn -0.0381732 0.99927 0.00159075
vn -0.999133 0 0.0416308
vn -0.998938 2.72454e-05 0.0460781
vn -0.998951 -3.29071e-05 0.0457799
vn -0.998981 -0.000289034 0.0451373
vn -0.998944 0.000112555 0.045943
vn -0.998952 6.41548e-05 0.0457799
vn -0.998981 0 0.0451372
vn -8.96728e-21 -1 -6.12319e-17
vn 0.0448217 -0 0.998995
vn 0.044816 3.66293e-06 0.998995
vn 0.0448188 0 0.998995
vn 5.6644e-20 -1 -6.00427e-17
vn 0.998728 0 -0.0504323
vn 0.99895 3.89686e-05 -0.0458091
vn 0.998947 0 -0.0458873
vn 0 -1 -6.12297e-17
vn -0.0448217 0 -0.998995
vn -0.0448217 6.11708e-17 -0.998995
vn 0 -1 -6.12323e-17
vn 0 -1 -6.12329e-17
vn 0.0381666 0.99927 -0.00174368
vn 0.0381663 0.99927 -0.00174403
vn -0.0381614 0.99927 0.00174381
vn -0.0381675 0.99927 0.00175451
vn -0.038166 0.99927 0.00175073
vn 0 1 0
vn -0.998945 0 0.0459204
vn -0.998951 1.45282e-05 0.0457997
vn -0.998947 -7.77266e-06 0.04587
vn -0.998948 0 0.0458513
vn 2.20583e-19 -1 -6.12325e-17
vn -5.52049e-19 1 6.12645e-17
vn 0.0448217 -0 0.998995
vn 0.0446959 8.08141e-05 0.999001
vn 0.0447573 0 0.998998
vn -2.13833e-21 -1 -6.12795e-17
vn 0.998958 0 -0.0456385
vn -0.0448217 0 -0.998995
vn -0.0448161 3.62308e-06 -0.998995
vn -0.0448189 -0 -0.998995
vn 0 -1 -6.123e-17
vn 8.2801e-19 -1 -6.12555e-17
vn 0.0187249 0.908556 0.417344
vn 0.0188489 0.908417 0.41764
vn 0.018726 0.908519 0.417423
vn 0.018726 0.908519 0.417423
vn 0.0187482 0.908501 0.417462
vn 0.0187247 0.908558 0.417339
vn 0.998963 0 -0.0455249
vn 0.998958 2.17575e-05 -0.045644
vn 0.998962 0 -0.0455615
vn -1.91273e-19 -1 -6.12254e-17
vn -0.0448159 0 -0.998995
vn -0.0448218 -3.27607e-06 -0.998995
vn -0.0448188 -0 -0.998995
vn -5.65671e-20 1 5.99611e-17
vn -0.998958 0 0.0456398
vn -0.99897 4.79158e-05 0.0453795
vn -0.998962 0 0.0455613
vn -1.10481e-19 -1 -6.12258e-17
vn 0.044816 -3.62998e-06 0.998995
vn 0.0448217 3.63044e-06 0.998995
vn 0.044816 0 0.998995

# Mesh 'defaultobject' with 92 faces
g defaultobject
usemtl DefaultMaterial
f  1//1 2//1 3//1
f  2//2 1//2 4//2
f  4//2 1//2 5//3
f  6//4 4//4 7//4
f  4//5 6//5 2//5
f  2//5 6//5 8//6
f  2//7 8//7 9//7
f  2//8 9//8 10//8
f  9//9 11//9 10//9
f  11//10 9//10 8//10
f  11//11 8//11 6//11
f  11//12 6//12 7//12
f  11//13 7//13 12//13
f  12//14 7//14 13//14
f  13//15 7//15 14//15
f  11//16 12//16 15//16
f  11//17 2//17 10//17
f  2//17 11//17 3//18
f  3//18 11//17 16//19
f  16//20 11//16 17//20
f  16//21 1//21 3//21
f  1//22 16//22 5//22
f  5//23 16//23 18//23
f  18//24 16//20 19//24
f  18//25 4//25 5//25
f  4//25 18//25 7//25
f  7//25 18//25 14//26
f  14//15 18//24 20//9
f  17//20 19//24 16//20
f  19//24 17//20 18//24
f  18//24 17//20 20//9
f  20//9 17//20 11//16
f  20//9 11//16 15//16
f  20//9 15//16 14//27
f  14//27 15//16 12//16
f  14//27 12//16 13//28
f  21//29 22//29 23//29
f  22//29 21//29 24//30
f  25//31 22//31 24//31
f  22//32 25//32 26//32
f  22//32 26//32 27//33
f  27//34 26//34 28//34
f  29//35 26//35 25//35
f  26//36 29//36 28//36
f  28//37 29//37 27//37
f  27//38 29//38 30//38
f  30//39 29//39 31//39
f  30//40 31//40 32//40
f  30//41 22//41 27//41
f  22//42 30//42 23//42
f  23//43 30//43 33//43
f  33//44 30//39 34//44
f  33//45 21//45 23//45
f  21//45 33//45 35//45
f  35//46 24//46 21//46
f  24//46 35//46 25//47
f  25//47 35//46 29//48
f  29//39 35//49 36//49
f  34//44 35//49 33//44
f  35//49 34//44 36//49
f  36//49 34//44 30//39
f  36//49 30//39 31//39
f  36//49 31//39 29//39
f  31//39 30//39 32//50
f  37//51 38//51 39//51
f  38//52 37//52 40//52
f  38//53 40//53 41//53
f  38//53 41//53 42//54
f  42//55 41//55 43//55
f  43//56 41//56 44//56
f  43//57 16//57 42//57
f  16//58 43//58 44//58
f  16//59 44//59 35//59
f  16//20 35//49 45//60
f  16//61 38//61 42//61
f  38//61 16//61 39//62
f  39//62 16//61 11//63
f  11//64 16//64 17//64
f  11//65 37//65 39//65
f  37//66 11//66 40//66
f  40//67 11//67 29//67
f  29//39 11//16 46//68
f  41//41 35//41 44//41
f  35//41 41//41 40//69
f  35//41 40//69 36//70
f  36//70 40//69 29//71
f  17//20 46//68 11//16
f  46//68 17//20 29//39
f  29//39 17//20 36//49
f  36//49 17//20 16//20
f  36//49 16//20 45//60
f  36//49 45//60 35//49

