# File produced by Open Asset Import Library (http://www.assimp.sf.net)
# (assimp v3.1.0)

mtllib _7825.obj.mtl

# 64 vertex positions
v  19.537 14.933 15.223
v  19.509 14.933 15.156
v  18.587 14.933 15.623
v  10.133 14.933 -4.348
v  16.994 14.933 9.22
v  16.199 14.933 7.347
v  14.028 14.933 2.216
v  11.571 14.933 -3.592
v  11.103 14.933 -4.703
v  11.081 14.933 -4.755
v  10.133 2.66238e-16 -4.348
v  18.587 -9.56633e-16 15.623
v  19.537 -9.3214e-16 15.223
v  19.509 -9.28037e-16 15.156
v  16.994 -5.64562e-16 9.22
v  11.081 2.9116e-16 -4.755
v  11.103 2.87976e-16 -4.703
v  16.199 -4.49874e-16 7.347
v  14.028 -1.35691e-16 2.216
v  11.571 2.19947e-16 -3.592
v  9.739 17.563 14.906
v  10.204 17.563 19.155
v  11.336 17.563 18.678
v  8.607 17.563 15.383
v  8.607 -9.41937e-16 15.383
v  10.204 -1.17291e-15 19.155
v  11.336 -1.1437e-15 18.678
v  9.739 -9.12729e-16 14.906
v  18.587 17.733 15.623
v  9.739 17.733 14.906
v  11.336 17.733 18.678
v  10.133 17.733 -4.348
v  7.108 17.733 8.689
v  2.903 17.733 -1.246
v  2.903 7.62955e-17 -1.246
v  7.108 -5.32048e-16 8.689
v  7.108 17.763 8.689
v  8.607 17.763 15.383
v  9.739 17.763 14.906
v  5.976 17.763 9.166
v  5.976 -5.61256e-16 9.166
v  1.774 17.563 -0.761
v  7.108 17.563 8.689
v  2.903 17.563 -1.246
v  5.976 17.563 9.166
v  1.774 4.65978e-17 -0.761
v  0 15.643 9.57857e-16
v  5.976 15.643 9.166
v  1.774 15.643 -0.761
v  2.387 15.643 7.2
v  2.452 15.643 7.355
v  3.622 15.643 10.158
v  8.607 15.643 15.383
v  6.222 15.643 16.388
v  10.204 15.643 19.155
v  7.795 15.643 20.156
v  7.8 15.643 20.168
v  2.452 -4.50364e-16 7.355
v  6.222 -1.00348e-15 16.388
v  7.8 -1.23493e-15 20.168
v  3.622 -6.21998e-16 10.158
v  7.795 -1.2342e-15 20.156
v  0 0 0
v  2.387 -4.40873e-16 7.2

# 0 UV coordinates

# 68 vertex normals
vn 0 1 0
vn -0.920889 0 0.389825
vn 0.388057 -0 0.921635
vn 0.922668 0 -0.385594
vn 0.920766 -2.38537e-05 -0.390116
vn 0.920512 -0.000307511 -0.390714
vn 0.920955 0.000342484 -0.389669
vn 0.92098 0.000404367 -0.389609
vn 0.922644 0.00634647 -0.385601
vn 0.920766 -0.000324845 -0.390116
vn 0.921572 0.00160707 -0.388205
vn 0.920971 4.17088e-05 -0.38963
vn 0.920955 0 -0.389668
vn -3.19895e-18 -1 -5.98862e-17
vn 0 -1 -6.1232e-17
vn -3.26536e-20 -1 -6.12255e-17
vn -4.57145e-21 -1 -6.123e-17
vn -0.394504 0 -0.918894
vn -7.57833e-23 -1 -6.12323e-17
vn -8.1431e-21 -1 -6.12285e-17
vn -0.920866 0 0.389879
vn 0.388313 -0 0.921528
vn 0.920866 0 -0.389879
vn -0.388312 0 -0.921528
vn -2.10425e-23 -1 -6.12323e-17
vn -7.10185e-23 -1 -6.12323e-17
vn -0.92091 0 0.389776
vn -0.920928 2.91889e-05 0.389732
vn -0.920866 -0.000128825 0.389879
vn -0.92091 7.57723e-06 0.389776
vn -0.920905 0 0.389787
vn 9.58742e-20 1 6.11677e-17
vn 0.388267 -0 0.921547
vn 0.920889 0 -0.389825
vn -0.394287 0 -0.918987
vn 7.97259e-24 -1 -6.12323e-17
vn 2.49497e-24 -1 -6.12323e-17
vn -0.920928 0 0.389732
vn 0.388312 -0 0.921528
vn 0.920928 0 -0.389732
vn -0.388312 0 -0.921528
vn -1.91518e-23 -1 -6.12323e-17
vn 0.388312 -0 0.921528
vn 0.92091 0 -0.389776
vn -0.394705 0 -0.918808
vn -0.920897 0 0.389806
vn -3.99678e-24 -1 -6.12323e-17
vn -0.922195 0 0.386725
vn -0.922833 0 0.3852
vn -0.922858 1.2318e-05 0.385141
vn -0.922816 -5.55875e-05 0.385241
vn -0.923064 0.000515814 0.384647
vn -0.92285 2.27213e-05 0.385159
vn -0.922817 0 0.385239
vn 1.63028e-19 -1 -6.13802e-17
vn 7.30999e-18 -1 -6.42843e-17
vn 0.388314 -0 0.921527
vn 0.920866 0 -0.389879
vn 0.920928 4.18035e-05 -0.389732
vn 0.920897 -1.43198e-05 -0.389806
vn 0.920905 1.42086e-05 -0.389787
vn 0.920897 0 -0.389806
vn -0.394232 0 -0.919011
vn -0.394232 5.62732e-17 -0.919011
vn -0.949196 -1.92689e-17 0.314685
vn -0.949196 0 0.314685
vn 2.03533e-23 -1 -6.12323e-17
vn 2.00264e-23 -1 -6.12323e-17

# Mesh 'defaultobject' with 132 faces
g defaultobject
usemtl DefaultMaterial
f  1//1 2//1 3//1
f  4//1 3//1 2//1
f  5//1 4//1 2//1
f  6//1 4//1 5//1
f  7//1 4//1 6//1
f  8//1 4//1 7//1
f  9//1 4//1 8//1
f  10//1 4//1 9//1
f  11//2 3//2 4//2
f  3//2 11//2 12//2
f  12//3 1//3 3//3
f  1//3 12//3 13//3
f  13//4 2//4 1//4
f  2//5 13//5 5//5
f  5//6 13//6 6//6
f  6//7 13//7 7//7
f  7//8 13//8 8//8
f  8//9 13//9 14//9
f  8//10 14//10 15//10
f  8//11 15//11 9//11
f  9//12 15//12 10//12
f  10//13 15//13 16//13
f  16//14 15//14 17//14
f  17//14 15//14 18//15
f  17//14 18//15 19//16
f  17//14 19//16 20//17
f  16//18 4//18 10//18
f  4//18 16//18 11//18
f  11//19 13//19 12//19
f  13//19 11//19 14//20
f  14//20 11//19 15//14
f  15//14 11//19 18//15
f  18//15 11//19 19//16
f  19//16 11//19 20//17
f  20//17 11//19 17//14
f  17//14 11//19 16//14
f  21//1 22//1 23//1
f  22//1 21//1 24//1
f  25//21 22//21 24//21
f  22//21 25//21 26//21
f  26//22 23//22 22//22
f  23//22 26//22 27//22
f  27//23 21//23 23//23
f  21//23 27//23 28//23
f  28//24 24//24 21//24
f  24//24 28//24 25//24
f  28//25 26//25 25//25
f  26//25 28//25 27//26
f  29//1 30//1 31//1
f  30//1 29//1 32//1
f  30//1 32//1 33//1
f  33//1 32//1 34//1
f  35//27 33//27 34//27
f  33//28 35//28 30//28
f  30//29 35//29 31//29
f  31//30 35//27 36//30
f  31//31 36//31 27//31
f  27//32 36//32 28//32
f  27//33 29//33 31//33
f  29//33 27//33 12//33
f  12//34 32//34 29//34
f  32//34 12//34 11//34
f  11//35 34//35 32//35
f  34//35 11//35 35//35
f  28//25 12//19 27//26
f  12//19 28//25 36//36
f  12//19 36//36 11//19
f  11//19 36//36 35//37
f  37//1 38//1 39//1
f  38//1 37//1 40//1
f  41//38 38//38 40//38
f  38//38 41//38 25//38
f  25//39 39//39 38//39
f  39//39 25//39 28//39
f  28//40 37//40 39//40
f  37//40 28//40 36//40
f  36//41 40//41 37//41
f  40//41 36//41 41//41
f  36//36 25//25 41//42
f  25//25 36//36 28//25
f  42//1 43//1 44//1
f  43//1 42//1 45//1
f  41//43 43//43 45//43
f  43//43 41//43 36//43
f  36//44 44//44 43//44
f  44//44 36//44 35//44
f  35//45 42//45 44//45
f  42//45 35//45 46//45
f  46//46 45//46 42//46
f  45//46 46//46 41//46
f  41//42 35//37 36//36
f  35//37 41//42 46//47
f  47//1 48//1 49//1
f  48//1 47//1 50//1
f  48//1 50//1 51//1
f  48//1 51//1 52//1
f  48//1 52//1 53//1
f  53//1 52//1 54//1
f  53//1 54//1 55//1
f  55//1 54//1 56//1
f  55//1 56//1 57//1
f  58//48 51//48 50//48
f  51//49 58//49 52//49
f  52//50 58//50 54//50
f  54//51 58//51 56//51
f  56//52 58//52 57//52
f  57//53 58//53 59//53
f  57//54 59//54 60//54
f  59//55 58//55 61//55
f  60//56 59//55 62//56
f  60//57 55//57 57//57
f  55//57 60//57 26//22
f  26//58 53//58 55//58
f  53//59 26//59 48//59
f  48//60 26//60 49//60
f  49//61 26//61 41//61
f  49//62 41//62 46//62
f  41//42 26//25 25//25
f  46//63 47//63 49//63
f  47//63 46//63 63//64
f  63//65 50//65 47//65
f  50//65 63//65 64//66
f  58//48 50//48 64//48
f  41//42 63//67 46//47
f  63//67 41//42 64//68
f  64//68 41//42 58//55
f  58//55 41//42 61//55
f  61//55 41//42 25//25
f  61//55 25//25 59//55
f  59//55 25//25 26//25
f  59//55 26//25 62//56
f  62//56 26//25 60//56

