# File produced by Open Asset Import Library (http://www.assimp.sf.net)
# (assimp v3.1.0)

mtllib ID_11542.obj.mtl

# 31 vertex positions
v  15.57 9.448 12.396
v  3.398 6.329 4.375
v  12.111 6.329 15.183
v  3.476 6.399 4.312
v  3.413 6.399 4.234
v  0 6.399 3.91826e-16
v  6.794 9.448 1.509
v  3.381 9.448 -2.725
v  10.253 6.399 -1.118
v  18.95 6.399 9.671
v  9.299 7.259 -0.349
v  9.22 7.259 -0.447
v  5.807 7.259 -4.681
v  5.807 2.86629e-16 -4.681
v  0 0 0
v  3.381 1.66858e-16 -2.725
v  3.476 -2.64034e-16 4.312
v  3.398 -2.67891e-16 4.375
v  9.299 2.13701e-17 -0.349
v  10.253 6.84578e-17 -1.118
v  3.413 -2.59258e-16 4.234
v  12.111 -9.29691e-16 15.183
v  18.95 -5.92178e-16 9.671
v  15.57 -7.59036e-16 12.396
v  9.22 2.73709e-17 -0.447
v  0.082 5.757 7.048
v  12.111 8.889 15.183
v  3.398 8.889 4.375
v  8.794 5.757 17.857
v  8.794 -1.09343e-15 17.857
v  0.082 -4.31566e-16 7.048

# 0 UV coordinates

# 47 vertex normals
vn -0.447372 0.818405 0.360655
vn -0.44632 0.819942 0.35846
vn -0.447967 0.817564 0.361821
vn -0.44738 0.818411 0.36063
vn -0.447383 0.818407 0.360635
vn -0.447383 0.818408 0.360633
vn 0.447436 0.81836 -0.360677
vn 0.447186 0.818523 -0.360616
vn 0.447507 0.818296 -0.360735
vn 0.447503 0.818296 -0.360741
vn 0.447508 0.818296 -0.360733
vn 0.447508 0.818296 -0.360733
vn -0.627596 0.000125536 -0.778539
vn -0.627585 0 -0.778548
vn -0.627585 4.76723e-17 -0.778548
vn -4.43734e-20 -1 -6.12353e-17
vn -0.628338 0 -0.77794
vn -0.628338 -0 -0.777941
vn -0.627577 0 -0.778555
vn -0.627577 0 -0.778555
vn -0.778549 -3.84284e-17 0.627584
vn -0.777939 -0.000824916 0.628339
vn -0.778538 0 0.627597
vn 2.43826e-19 1 6.1041e-17
vn -0.778523 0 0.627616
vn 0.627524 -0.000210906 0.778597
vn 0.627523 0 0.778598
vn -3.70568e-20 1 6.11623e-17
vn 0.778547 0 -0.627586
vn 0.778549 0 -0.627584
vn 0.77854 1.14808e-05 -0.627595
vn 0.778549 -2.65737e-07 -0.627584
vn 0.77854 0 -0.627595
vn 0 -1 -6.12323e-17
vn 0 -1 -6.12323e-17
vn 6.86769e-24 -1 -6.12324e-17
vn -3.51293e-24 -1 -6.12323e-17
vn 0 -1 -6.12323e-17
vn 3.21617e-20 -1 -6.12038e-17
vn -1.41581e-22 -1 -6.12326e-17
vn -0.461212 0.80563 0.371812
vn -0.461151 0.805723 0.371685
vn 0.62761 0 0.778528
vn 0.778523 0 -0.627616
vn -0.627583 0 -0.77855
vn -0.778587 0 0.627537
vn -1.43202e-23 -1 -6.12323e-17

# Mesh 'defaultobject' with 58 faces
g defaultobject
usemtl DefaultMaterial
f  1//1 2//1 3//1
f  2//2 1//2 4//2
f  4//3 1//3 5//3
f  5//4 1//4 6//4
f  6//4 1//4 7//5
f  6//4 7//5 8//6
f  9//7 1//7 10//7
f  1//8 9//8 11//8
f  1//9 11//9 7//9
f  7//9 11//9 12//10
f  7//9 12//10 13//11
f  7//9 13//11 8//12
f  13//13 6//13 8//13
f  6//14 13//14 14//14
f  6//14 14//14 15//15
f  15//16 14//16 16//16
f  17//17 2//17 4//17
f  2//17 17//17 18//18
f  9//19 19//19 11//19
f  19//19 9//19 20//20
f  15//21 5//21 6//21
f  5//22 15//22 4//22
f  4//23 15//23 17//23
f  17//24 15//24 21//24
f  18//25 3//25 2//25
f  3//25 18//25 22//25
f  3//26 10//26 1//26
f  10//27 3//27 22//27
f  10//27 22//27 23//27
f  23//28 22//28 24//28
f  23//29 9//29 10//29
f  9//29 23//29 20//29
f  12//30 14//30 13//30
f  14//31 12//31 11//31
f  14//30 11//32 25//32
f  25//33 11//33 19//33
f  16//16 19//34 15//16
f  19//34 16//16 25//35
f  25//35 16//16 14//16
f  18//36 24//36 22//36
f  24//36 18//36 23//37
f  23//37 18//36 19//34
f  23//37 19//34 20//38
f  19//34 18//36 17//39
f  19//34 17//39 21//40
f  19//34 21//40 15//16
f  26//41 27//41 28//41
f  27//42 26//42 29//42
f  29//43 22//43 27//43
f  22//43 29//43 30//43
f  22//44 28//44 27//44
f  28//44 22//44 18//44
f  18//45 26//45 28//45
f  26//45 18//45 31//45
f  31//46 29//46 26//46
f  29//46 31//46 30//46
f  31//47 22//36 30//47
f  22//36 31//47 18//36

