# File produced by Open Asset Import Library (http://www.assimp.sf.net)
# (assimp v3.1.0)

mtllib ID_17019.obj.mtl

# 33 vertex positions
v  0 8.811 5.39518e-16
v  6.343 9.113 -1.799
v  0.419 9.112 -2.717
v  5.906 8.809 0.942
v  6.343 1.10157e-16 -1.799
v  5.906 -5.76809e-17 0.942
v  0.419 1.66368e-16 -2.717
v  0 0 0
v  4.576 12.194 -9.968
v  6.474 11.82 -1.888
v  7.645 11.82 -9.492
v  3.861 12.194 -5.326
v  6.36 11.833 -1.906
v  0.434 11.832 -2.816
v  1.606 11.832 -10.428
v  6.343 11.82 -1.799
v  0.419 11.82 -2.717
v  6.36 1.16709e-16 -1.906
v  6.474 1.15607e-16 -1.888
v  7.645 5.81217e-16 -9.492
v  1.606 6.38531e-16 -10.428
v  4.576 6.10364e-16 -9.968
v  0.434 1.7243e-16 -2.816
v  7.645 12.102 -9.492
v  20.867 12.102 -7.049
v  20.927 12.102 -7.434
v  20.176 12.102 -2.876
v  19.673 12.102 0.184
v  6.474 12.102 -1.888
v  19.673 -1.12668e-17 0.184
v  20.867 4.31627e-16 -7.049
v  20.927 4.55201e-16 -7.434
v  20.176 1.76104e-16 -2.876

# 0 UV coordinates

# 47 vertex normals
vn -0.0168309 0.994059 0.10753
vn -0.0168203 0.994056 0.107567
vn 0.987528 0 0.157442
vn 0.153135 0 -0.988205
vn 0.153135 0 -0.988205
vn -0.988317 0 -0.152413
vn -0.988317 9.33258e-18 -0.152413
vn -0.157508 -6.0468e-17 0.987518
vn -0.157508 0 0.987518
vn -7.97282e-25 -1 -6.12323e-17
vn -4.0154e-25 -1 -6.12323e-17
vn 0.118167 0.992827 0.0181975
vn 0.118158 0.992828 0.0181997
vn 0.109377 0.993687 0.0249669
vn -0.118193 0.992824 -0.0181978
vn -0.118209 0.992822 -0.0182076
vn -0.0182222 0.992895 0.117591
vn -0.0183224 0.992824 0.118172
vn -0.0177958 0.992877 0.117807
vn 0.987613 0 0.156912
vn 0.987613 0 0.156912
vn 0.988349 -0 0.152204
vn -0.155963 0 0.987763
vn -0.153135 0 0.988205
vn 0.153267 0 -0.988185
vn 0.153063 -5.24843e-05 -0.988216
vn 0.153164 0 -0.988201
vn 1.41866e-20 1 6.1139e-17
vn -0.988354 0 -0.152174
vn -0.988688 -0.00144701 -0.149977
vn -0.988358 -0 -0.152144
vn 1.61133e-20 1 6.12347e-17
vn 1.77248e-23 -1 -6.12323e-17
vn -4.77495e-22 -1 -6.12323e-17
vn 3.9511e-24 -1 -6.12323e-17
vn 0 -1 -6.12715e-17
vn 0 1 0
vn 0.986758 -0 0.162202
vn 0.986566 0.000301625 0.163364
vn 0.988059 -0.00545304 0.153982
vn 0.986647 0.000289841 0.162873
vn 0.988073 0 0.153984
vn 0 -1 -6.12339e-17
vn 0.153119 0 -0.988208
vn -0.988349 0 -0.152204
vn -0.155082 0 0.987902
vn -2.77988e-23 -1 -6.12322e-17

# Mesh 'defaultobject' with 62 faces
g defaultobject
usemtl DefaultMaterial
f  1//1 2//1 3//1
f  2//2 1//2 4//2
f  4//3 5//3 2//3
f  5//3 4//3 6//3
f  5//4 3//4 2//4
f  3//4 5//4 7//5
f  7//6 1//6 3//6
f  1//6 7//6 8//7
f  8//8 4//8 1//8
f  4//8 8//8 6//9
f  8//10 5//10 6//10
f  5//10 8//10 7//11
f  9//12 10//12 11//12
f  10//12 9//12 12//13
f  10//14 12//14 13//14
f  14//15 9//15 15//15
f  9//16 14//16 12//16
f  16//17 14//17 17//17
f  14//18 16//18 12//18
f  12//19 16//19 13//19
f  16//20 18//20 13//20
f  18//20 16//20 5//21
f  19//22 11//22 10//22
f  11//22 19//22 20//22
f  18//23 10//23 13//23
f  10//23 18//23 19//23
f  7//24 16//24 17//24
f  16//24 7//24 5//24
f  20//25 9//25 11//25
f  9//26 20//26 15//26
f  15//27 20//27 21//27
f  21//28 20//28 22//28
f  21//29 14//29 15//29
f  14//30 21//30 17//30
f  17//31 21//31 7//31
f  7//32 21//28 23//32
f  19//33 22//33 20//33
f  22//33 19//33 18//34
f  22//33 18//34 5//10
f  22//33 5//10 7//11
f  22//33 7//11 21//35
f  21//35 7//11 23//36
f  24//37 25//37 26//37
f  25//37 24//37 27//37
f  27//37 24//37 28//37
f  28//37 24//37 29//37
f  30//38 27//38 28//38
f  27//39 30//39 25//39
f  25//40 30//40 26//40
f  26//41 30//41 31//41
f  26//42 31//42 32//42
f  31//43 30//43 33//43
f  32//44 24//44 26//44
f  24//44 32//44 20//44
f  20//45 29//45 24//45
f  29//45 20//45 19//45
f  19//46 28//46 29//46
f  28//46 19//46 30//46
f  31//43 20//33 32//47
f  20//33 31//43 19//33
f  19//33 31//43 33//43
f  19//33 33//43 30//43

