# {"id":"ID_1931","idOriginal":"ID_1931","origin":[14.297124196651048,48.276766504941314],"elevation":278.54,"wof":[{"Id":102049853,"Name":"Linz","Placetype":"county","Offset":-1},{"Id":85632785,"Name":"Austria","Placetype":"country","Offset":-1},{"Id":85681677,"Name":"Oberösterreich","Placetype":"region","Offset":-1},{"Id":85898459,"Name":"Wegscheid","Placetype":"neighbourhood","Offset":-1},{"Id":101748071,"Name":"Linz","Placetype":"locality","Offset":-1}]}

# Attribution: City of Linz <http://geo.data.linz.gv.at/katalog/geodata/3d_geo_daten_lod2/>
# Longitude: 14.297124196651048
# Latitude: 48.276766504941314
# Elevation: 278.54

# File produced by Open Asset Import Library (http://www.assimp.sf.net)
# (assimp v3.1.0)


# 40 vertex positions
v  0 48.54 2.97222e-15
v  13.187 48.54 9.21
v  3.246 48.54 -2.708
v  9.941 48.54 11.918
v  0 0 0
v  9.941 -7.29767e-16 11.918
v  13.187 -5.6395e-16 9.21
v  3.246 1.65817e-16 -2.708
v  36.137 48.86 -30.144
v  42.508 48.86 -15.249
v  46.078 48.86 -18.227
v  32.568 48.86 -27.167
v  32.568 1.6635e-15 -27.167
v  42.508 9.33732e-16 -15.249
v  46.078 1.11608e-15 -18.227
v  36.137 1.84579e-15 -30.144
v  13.789 55.47 -6.646
v  32.403 55.47 -12.611
v  27.699 55.47 -18.25
v  18.492 55.47 -1.007
v  18.492 6.1661e-17 -1.007
v  32.403 7.72201e-16 -12.611
v  27.699 1.11749e-15 -18.25
v  13.789 4.0695e-16 -6.646
v  25.311 52.42 -21.113
v  42.508 52.41 -15.249
v  32.568 52.411 -27.167
v  35.251 52.418 -9.196
v  11.4 52.419 -9.51
v  21.341 52.418 2.408
v  3.246 52.411 -2.708
v  13.187 52.41 9.21
v  35.251 5.63093e-16 -9.196
v  21.341 -1.47447e-16 2.408
v  25.311 1.2928e-15 -21.113
v  11.4 5.8232e-16 -9.51
v  32.403 52.418 -12.611
v  18.492 52.419 -1.007
v  27.699 52.42 -18.25
v  13.789 52.419 -6.646

# 0 UV coordinates

# 47 vertex normals
vn -0 1 0
vn -0.767925 -3.92217e-17 0.640539
vn -0.767925 0 0.640539
vn 0.640603 -0 0.767872
vn 0.767925 0 -0.640539
vn -0.640603 0 -0.767872
vn -0.640603 4.70186e-17 -0.767872
vn 0 -1 -6.12323e-17
vn -0.767957 0 0.640501
vn 0.640565 -0 0.767904
vn 0.767899 0 -0.640571
vn -0.640544 0 -0.767921
vn 5.87189e-24 -1 -6.12324e-17
vn 0.640559 -0 0.767909
vn 0.767897 0 -0.640573
vn -0.640586 0 -0.767886
vn -0.767964 0 0.640493
vn 4.77565e-24 -1 -6.12323e-17
vn 0.0007725 1 -0.000560429
vn 0.000732557 1 -0.000443292
vn 4.01364e-05 1 0.000134257
vn 4.12529e-05 1 4.94509e-05
vn -0.000537256 1 0.000531995
vn -0.000537256 1 0.000531995
vn 0.640528 0 0.767935
vn 0.640586 1.36914e-05 0.767886
vn 0.640573 4.93256e-06 0.767897
vn 0.640528 -3.82952e-05 0.767935
vn 0.640581 0 0.76789
vn -2.66881e-19 1 6.13825e-17
vn 0.767957 0 -0.640501
vn 0.767957 0 -0.640501
vn -0.64059 0 -0.767883
vn -0.640526 1.49682e-05 -0.767936
vn -0.640573 -1.72088e-05 -0.767897
vn -0.64059 -3.31473e-05 -0.767883
vn -0.640544 -0 -0.767922
vn -7.19056e-20 1 6.11198e-17
vn -0.767925 0 0.640539
vn -0.640559 0 -0.767909
vn -0.767897 0 0.640573
vn -0.767897 0 0.640573
vn 0.640586 0 0.767886
vn 0.767964 0 -0.640493
vn 0 -1 -6.12323e-17
vn 3.01291e-24 -1 -6.12323e-17
vn 2.25987e-24 -1 -6.12323e-17

# Mesh 'defaultobject' with 72 faces
g defaultobject
usemtl DefaultMaterial
f  1//1 2//1 3//1
f  2//1 1//1 4//1
f  5//2 4//2 1//2
f  4//2 5//2 6//3
f  6//4 2//4 4//4
f  2//4 6//4 7//4
f  7//5 3//5 2//5
f  3//5 7//5 8//5
f  8//6 1//6 3//6
f  1//6 8//6 5//7
f  5//8 7//8 6//8
f  7//8 5//8 8//8
f  9//1 10//1 11//1
f  10//1 9//1 12//1
f  13//9 10//9 12//9
f  10//9 13//9 14//9
f  14//10 11//10 10//10
f  11//10 14//10 15//10
f  15//11 9//11 11//11
f  9//11 15//11 16//11
f  16//12 12//12 9//12
f  12//12 16//12 13//12
f  13//8 15//8 14//8
f  15//8 13//8 16//13
f  17//1 18//1 19//1
f  18//1 17//1 20//1
f  21//14 18//14 20//14
f  18//14 21//14 22//14
f  22//15 19//15 18//15
f  19//15 22//15 23//15
f  23//16 17//16 19//16
f  17//16 23//16 24//16
f  24//17 20//17 17//17
f  20//17 24//17 21//17
f  24//8 22//8 21//8
f  22//8 24//8 23//18
f  25//19 26//19 27//19
f  26//20 25//20 28//20
f  28//21 25//21 29//21
f  28//22 29//22 30//22
f  30//23 29//23 31//23
f  30//23 31//23 32//24
f  28//25 14//25 26//25
f  14//26 28//26 30//26
f  14//27 30//27 32//27
f  14//28 32//28 33//28
f  33//29 32//29 7//29
f  33//30 7//30 34//30
f  26//31 13//31 27//31
f  13//31 26//31 14//32
f  13//33 25//33 27//33
f  25//34 13//34 29//34
f  29//35 13//35 31//35
f  31//36 13//36 35//36
f  31//37 35//37 8//37
f  8//38 35//38 36//38
f  8//39 32//39 31//39
f  32//39 8//39 7//3
f  37//40 21//40 38//40
f  21//40 37//40 22//40
f  23//41 37//41 39//41
f  37//41 23//41 22//42
f  40//43 23//43 39//43
f  23//43 40//43 24//43
f  21//44 40//44 38//44
f  40//44 21//44 24//44
f  8//8 34//8 7//8
f  34//8 8//8 36//45
f  34//8 36//45 33//46
f  33//46 36//45 35//47
f  33//46 35//47 14//8
f  14//8 35//47 13//8

