# File produced by Open Asset Import Library (http://www.assimp.sf.net)
# (assimp v3.1.0)

mtllib _52434.obj.mtl

# 10 vertex positions
v  1.137 1.912 3.679
v  1.702 1.912 -0.526
v  0 1.912 1.17076e-16
v  2.606 1.912 -0.806
v  3.743 1.912 2.873
v  3.743 -1.75921e-16 2.873
v  2.606 4.93533e-17 -0.806
v  0 0 0
v  1.702 3.22082e-17 -0.526
v  1.137 -2.25274e-16 3.679

# 0 UV coordinates

# 10 vertex normals
vn 0 1 0
vn 0.955413 0 -0.295272
vn -0.295867 0 -0.955229
vn -0.295269 0.000310029 -0.955414
vn -0.295477 5.84983e-17 -0.95535
vn 1.5667e-21 -1 -6.12327e-17
vn -0.955413 -1.80802e-17 0.295272
vn -0.955413 0 0.295272
vn 0.295477 -0 0.95535
vn 6.29999e-24 -1 -6.12323e-17

# Mesh 'defaultobject' with 16 faces
g defaultobject
usemtl DefaultMaterial
f  1//1 2//1 3//1
f  2//1 1//1 4//1
f  4//1 1//1 5//1
f  6//2 4//2 5//2
f  4//2 6//2 7//2
f  7//3 2//3 4//3
f  2//4 7//4 3//4
f  3//5 7//5 8//5
f  8//6 7//6 9//6
f  8//7 1//7 3//7
f  1//7 8//7 10//8
f  10//9 5//9 1//9
f  5//9 10//9 6//9
f  10//10 7//6 6//10
f  7//6 10//10 9//6
f  9//6 10//10 8//6

