# {"id":"_2721","idOriginal":"_2721","origin":[14.305483863789808,48.30038005290269],"elevation":259.09}
# Longitude: 14.305483863789808
# Latitude: 48.30038005290269
# Elevation: 259.09

# File produced by Open Asset Import Library (http://www.assimp.sf.net)
# (assimp v3.1.0)

mtllib _2721.obj.mtl

# 39 vertex positions
v  30.361 33.98 21.038
v  21.833 34.32 21.349
v  23.296 34.32 24.413
v  19.467 33.924 -4.712
v  11.256 34.32 -0.789
v  30.568 33.97 20.939
v  31.506 33.924 20.491
v  11.256 4.83123e-17 -0.789
v  23.296 -1.49487e-15 24.413
v  21.833 -1.30725e-15 21.349
v  30.427 33.976 21.007
v  30.568 -1.28214e-15 20.939
v  31.506 -1.25471e-15 20.491
v  30.361 -1.28821e-15 21.038
v  30.427 -1.28631e-15 21.007
v  19.467 2.88527e-16 -4.712
v  20.992 33.92 25.514
v  21.833 33.92 21.349
v  19.528 33.92 22.45
v  23.296 33.92 24.413
v  20.992 -1.56228e-15 25.514
v  19.528 -1.37467e-15 22.45
v  0 34.102 2.08815e-15
v  11.168 34.298 -0.747
v  9.384 34.298 -4.483
v  21.833 34.3 21.349
v  11.256 34.3 -0.789
v  7.891 34.102 16.517
v  8.92 34.102 18.67
v  19.485 34.252 22.36
v  12.318 34.102 25.784
v  19.528 34.252 22.45
v  19.485 -1.36916e-15 22.36
v  0 0 0
v  7.891 -1.01137e-15 16.517
v  12.318 -1.57881e-15 25.784
v  8.92 -1.14321e-15 18.67
v  11.168 4.57406e-17 -0.747
v  9.384 2.74505e-16 -4.483

# 0 UV coordinates

# 57 vertex normals
vn 0.0391494 0.999058 -0.0186931
vn 0.0392279 0.999054 -0.0187421
vn 0.0391479 0.999058 -0.0187349
vn 0.0392702 0.999052 -0.0187866
vn 0.0398927 0.999022 -0.019056
vn -0.902304 0 0.431099
vn -0.902408 0.000171996 0.430882
vn -0.902317 0 0.431073
vn 4.22701e-20 -1 -6.12704e-17
vn 0.431049 -0 0.902329
vn 0.425211 0.0014882 0.905093
vn 0.434364 -0.000869374 0.900737
vn 0.43098 2.1181e-05 0.902362
vn 0.43106 -2.7644e-06 0.902323
vn 0.430979 0 0.902362
vn -2.37748e-19 1 6.07375e-17
vn 8.35073e-20 1 6.14061e-17
vn 0.902338 0 -0.43103
vn -0.431098 0 -0.902305
vn -0.431098 0 -0.902305
vn -2.48919e-25 -1 -6.12324e-17
vn 2.28033e-23 -1 -6.12317e-17
vn 2.34415e-24 -1 -6.12322e-17
vn -1.29162e-23 -1 -6.12323e-17
vn 0 1 0
vn 0.431165 -0 0.902273
vn 0.902408 0 -0.430882
vn -0.431012 0 -0.902346
vn -0.902294 0 0.431122
vn -3.05257e-23 -1 -6.12323e-17
vn -0.0170038 0.999822 0.00811961
vn -0.0184932 0.99979 0.00883559
vn -0.017004 0.999822 0.00811683
vn -0.0170166 0.999822 0.00812969
vn -0.0170179 0.999822 0.00813351
vn -0.0169917 0.999824 0.00800719
vn -0.0170374 0.999822 0.00813789
vn -0.0169521 0.999823 0.0080992
vn -0.902307 0 0.431094
vn -0.902313 -2.63961e-17 0.43108
vn -0.902248 -8.20586e-05 0.431218
vn -0.902349 6.03585e-05 0.431007
vn -0.902313 -8.23752e-06 0.43108
vn -0.902325 0 0.431056
vn 9.59156e-20 -1 -6.12901e-17
vn 0.431077 0 0.902315
vn 0.431077 0 0.902315
vn 0.431012 0 0.902346
vn 0.431012 0 0.902346
vn 0.902305 0 -0.431099
vn 0.902396 0 -0.430909
vn -0.430732 0 -0.90248
vn -0.430732 -0 -0.90248
vn -0.431064 0 -0.902321
vn -0.431064 5.52512e-17 -0.902321
vn -2.45909e-24 -1 -6.12323e-17
vn -3.3816e-24 -1 -6.12323e-17

# Mesh 'defaultobject' with 74 faces
g defaultobject
usemtl DefaultMaterial
f  1//1 2//1 3//1
f  2//2 4//2 5//2
f  4//3 2//3 1//3
f  4//4 1//4 6//4
f  4//5 6//5 7//5
f  8//6 2//6 5//6
f  2//7 8//7 3//7
f  3//8 8//8 9//8
f  9//9 8//9 10//9
f  9//10 1//10 3//10
f  1//11 9//11 11//11
f  11//12 9//12 6//12
f  6//13 9//13 7//13
f  7//14 9//14 12//14
f  7//15 12//15 13//15
f  12//16 9//16 14//16
f  12//16 14//16 15//17
f  13//18 4//18 7//18
f  4//18 13//18 16//18
f  4//19 8//19 5//19
f  8//19 4//19 16//20
f  10//9 14//21 9//9
f  14//21 10//9 12//22
f  12//22 10//9 13//23
f  13//23 10//9 16//24
f  16//24 10//9 8//9
f  17//25 18//25 19//25
f  18//25 17//25 20//25
f  21//26 20//26 17//26
f  20//26 21//26 9//26
f  9//27 18//27 20//27
f  18//27 9//27 10//27
f  10//28 19//28 18//28
f  19//28 10//28 22//28
f  22//29 17//29 19//29
f  17//29 22//29 21//29
f  22//30 9//9 21//30
f  9//9 22//30 10//9
f  23//31 24//31 25//31
f  24//32 26//32 27//32
f  26//33 24//31 23//31
f  26//34 23//34 28//34
f  26//34 28//34 29//35
f  26//36 29//36 30//36
f  30//37 29//37 31//37
f  32//38 26//38 30//38
f  33//39 32//39 30//39
f  32//39 33//39 22//39
f  34//40 28//40 23//40
f  28//41 34//41 29//41
f  29//42 34//42 31//42
f  31//43 34//40 35//43
f  31//44 35//44 36//44
f  36//45 35//45 37//45
f  33//46 31//46 36//46
f  31//46 33//46 30//47
f  32//48 10//48 26//48
f  10//48 32//48 22//49
f  10//50 27//50 26//50
f  27//50 10//50 8//50
f  38//51 25//51 24//51
f  25//51 38//51 39//51
f  8//52 24//52 27//52
f  24//52 8//52 38//53
f  39//54 23//54 25//54
f  23//54 39//54 34//55
f  39//56 38//56 34//56
f  37//45 33//57 36//45
f  33//57 37//45 10//9
f  10//9 37//45 8//9
f  8//9 37//45 35//45
f  8//9 35//45 38//56
f  38//56 35//45 34//56
f  10//9 22//30 33//57

