# {"id":"_44813","idOriginal":"_44813","origin":[14.31042308308435,48.304141570638286],"elevation":255.944}
# Longitude: 14.31042308308435
# Latitude: 48.304141570638286
# Elevation: 255.944

# File produced by Open Asset Import Library (http://www.assimp.sf.net)
# (assimp v3.1.0)

mtllib _44813.obj.mtl

# 18 vertex positions
v  6.412 3.72 0.578
v  0.475 3.72 0.615
v  2.678 3.72 3.465
v  0 3.72 2.27784e-16
v  3.746 3.72 -2.875
v  6.412 -3.53923e-17 0.578
v  3.746 1.76043e-16 -2.875
v  0 0 0
v  2.678 -2.1217e-16 3.465
v  0.475 -3.76579e-17 0.615
v  6.04 -4.28014e-17 0.699
v  2.803 3.72 3.132
v  6.04 3.72 0.699
v  2.803 -1.9178e-16 3.132
v  3.708 1.4708e-16 -2.402
v  3.708 3.72 -2.402
v  0.459 -1.02258e-17 0.167
v  0.459 3.72 0.167

# 0 UV coordinates

# 16 vertex normals
vn 0 1 0
vn 0.791532 0 -0.611128
vn -0.60884 0 -0.793293
vn -0.60884 4.85752e-17 -0.793293
vn -0.791426 -3.74291e-17 0.611264
vn -0.791187 -8.17199e-05 0.611574
vn -0.79123 0 0.611519
vn 0 1 6.12387e-17
vn 0.611664 -0 0.791117
vn -0.600829 0 -0.799377
vn -0.799226 0 0.60103
vn 0.620239 -0 0.784413
vn 0.784469 0 -0.620167
vn 2.4326e-25 -1 -6.12323e-17
vn 2.53644e-25 -1 -6.12323e-17
vn 6.4248e-25 -1 -6.12323e-17

# Mesh 'defaultobject' with 24 faces
g defaultobject
usemtl DefaultMaterial
f  1//1 2//1 3//1
f  2//1 1//1 4//1
f  4//1 1//1 5//1
f  6//2 5//2 1//2
f  5//2 6//2 7//2
f  7//3 4//3 5//3
f  4//3 7//3 8//4
f  8//5 2//5 4//5
f  2//6 8//6 3//6
f  3//7 8//7 9//7
f  9//8 8//8 10//8
f  9//9 1//9 3//9
f  1//9 9//9 6//9
f  11//10 12//10 13//10
f  12//10 11//10 14//10
f  15//11 13//11 16//11
f  13//11 15//11 11//11
f  17//12 16//12 18//12
f  16//12 17//12 15//12
f  14//13 18//13 12//13
f  18//13 14//13 17//13
f  10//14 6//14 9//14
f  6//14 10//14 8//15
f  6//14 8//15 7//16

