# {"id":"ID_13804","idOriginal":"ID_13804","origin":[14.279373110312465,48.26756098038612],"elevation":277.43,"wof":[{"Id":85898435,"Name":"Oed","Placetype":"neighbourhood","Offset":-1},{"Id":85681677,"Name":"Oberösterreich","Placetype":"region","Offset":-1},{"Id":101748071,"Name":"Linz","Placetype":"locality","Offset":-1},{"Id":102049853,"Name":"Linz","Placetype":"county","Offset":-1},{"Id":85632785,"Name":"Austria","Placetype":"country","Offset":-1}]}

# Attribution: City of Linz <http://geo.data.linz.gv.at/katalog/geodata/3d_geo_daten_lod2/>
# Longitude: 14.279373110312465
# Latitude: 48.26756098038612
# Elevation: 277.43

# File produced by Open Asset Import Library (http://www.assimp.sf.net)
# (assimp v3.1.0)


# 20 vertex positions
v  2.89 4.691 -1.684
v  13.209 3.616 9.122
v  5.893 3.616 -3.434
v  10.206 4.691 10.871
v  7.243 3.63 12.597
v  0 3.656 2.23865e-16
v  7.975 3.892 12.171
v  7.243 -7.71344e-16 12.597
v  13.209 -5.58561e-16 9.122
v  7.975 -7.45259e-16 12.171
v  10.206 -6.65657e-16 10.871
v  5.893 2.10272e-16 -3.434
v  2.89 1.03115e-16 -1.684
v  0 0 0
v  5.893 3.368 -3.434
v  19.174 3.368 5.646
v  11.858 3.368 -6.91
v  13.209 3.368 9.122
v  19.174 -3.45718e-16 5.646
v  11.858 4.23115e-16 -6.91

# 0 UV coordinates

# 28 vertex normals
vn 0.255303 0.955349 -0.148757
vn 0.255332 0.955337 -0.148786
vn -0.255407 0.955311 0.148825
vn -0.255391 0.955315 0.148821
vn -0.178524 0.944884 0.274449
vn 0.503371 0.000337846 0.86407
vn 0.50331 -0.0011984 0.864105
vn 0.503313 0 0.864104
vn 0.503313 0 0.864104
vn 7.27856e-20 1 6.1334e-17
vn -7.05531e-20 -1 -6.13529e-17
vn 0.864028 0 -0.503443
vn -0.503495 0 -0.863998
vn -0.503468 2.31892e-05 -0.864014
vn -0.503495 -3.51985e-05 -0.863998
vn -0.503462 5.29058e-17 -0.864017
vn -0.866915 -3.05217e-17 0.498457
vn -0.866915 0 0.498457
vn -1.25794e-23 -1 -6.12323e-17
vn -2.09638e-24 -1 -6.12323e-17
vn -2.1784e-24 -1 -6.12323e-17
vn -6.88279e-23 -1 -6.12323e-17
vn -0 1 0
vn 0.503484 -0 0.864005
vn 0.864028 0 -0.503443
vn -0.503484 0 -0.864005
vn -0.864028 0 0.503443
vn 0 -1 -6.12323e-17

# Mesh 'defaultobject' with 36 faces
g defaultobject
usemtl DefaultMaterial
f  1//1 2//1 3//1
f  2//2 1//2 4//2
f  5//3 1//3 6//3
f  1//4 5//4 4//4
f  4//5 5//5 7//5
f  7//6 2//6 4//6
f  2//7 7//7 5//7
f  2//8 5//8 8//8
f  2//8 8//8 9//9
f  9//10 8//10 10//10
f  9//11 10//11 11//11
f  9//12 3//12 2//12
f  3//12 9//12 12//12
f  12//13 1//13 3//13
f  1//14 12//14 6//14
f  6//15 12//15 13//15
f  6//16 13//16 14//16
f  14//17 5//17 6//17
f  5//17 14//17 8//18
f  11//11 12//19 9//11
f  12//19 11//11 13//20
f  13//20 11//11 10//11
f  13//20 10//11 14//21
f  14//21 10//11 8//22
f  15//23 16//23 17//23
f  16//23 15//23 18//23
f  9//24 16//24 18//24
f  16//24 9//24 19//24
f  19//25 17//25 16//25
f  17//25 19//25 20//25
f  20//26 15//26 17//26
f  15//26 20//26 12//26
f  12//27 18//27 15//27
f  18//27 12//27 9//27
f  12//19 19//28 9//11
f  19//28 12//19 20//28

