# {"id":"_391","idOriginal":"_391","origin":[14.329712674434644,48.29971407869763],"elevation":253.09}
# Longitude: 14.329712674434644
# Latitude: 48.29971407869763
# Elevation: 253.09

# File produced by Open Asset Import Library (http://www.assimp.sf.net)
# (assimp v3.1.0)

mtllib _391.obj.mtl

# 53 vertex positions
v  4.146 8.55 59.083
v  3.118 8.55 47.366
v  3.89 8.55 59.1
v  17.65 8.55 58.181
v  0.809 8.55 12.287
v  19.353 8.55 58.067
v  18.581 8.55 46.329
v  34.712 8.55 45.247
v  16.272 8.55 11.25
v  34.7 8.55 45.06
v  42.05 8.55 44.52
v  39.734 8.55 9.675
v  19.353 -3.55558e-15 58.067
v  18.581 -2.83683e-15 46.329
v  34.712 -2.77058e-15 45.247
v  34.7 -2.75913e-15 45.06
v  42.05 -2.72606e-15 44.52
v  39.734 -5.92423e-16 9.675
v  3.89 -3.61883e-15 59.1
v  4.146 -3.61779e-15 59.083
v  17.65 -3.56256e-15 58.181
v  16.272 -6.88864e-16 11.25
v  0.809 -7.52362e-16 12.287
v  3.118 -2.90033e-15 47.366
v  38.9 6.31 -2.61
v  15.644 6.31 1.709
v  39.087 6.31 0.136
v  17.65 6.31 -1.184
v  0 6.31 3.86376e-16
v  0.181 6.31 2.746
v  0.809 6.31 12.287
v  16.272 6.31 11.25
v  0 0 0
v  0.181 -1.68144e-16 2.746
v  15.644 -1.04646e-16 1.709
v  39.087 -8.3276e-18 0.136
v  38.9 1.59816e-16 -2.61
v  17.65 7.24991e-17 -1.184
v  16.272 14.82 11.25
v  39.087 14.82 0.136
v  15.644 14.82 1.709
v  39.734 14.82 9.675
v  39.63 14.82 8.11
v  39.63 -4.96594e-16 8.11
v  34.712 6.93 45.247
v  26.04 6.93 59.66
v  35.63 6.93 59
v  25.9 6.93 57.63
v  19.353 6.93 58.067
v  18.581 6.93 46.329
v  25.9 -3.52882e-15 57.63
v  26.04 -3.65312e-15 59.66
v  35.63 -3.61271e-15 59

# 0 UV coordinates

# 53 vertex normals
vn 0 1 0
vn 0.997844 0 -0.0656276
vn 0.997947 0 -0.0640448
vn 0.997798 0 -0.0663194
vn 0.0669252 -0 0.997758
vn 0.073272 -0 0.997312
vn 0.0662537 -0 0.997803
vn 0.0666465 -1.18153e-05 0.997777
vn 0.0662534 0.000623429 0.997803
vn 0.0666465 0 0.997777
vn 0.0667902 0 0.997767
vn -0.0669791 0 -0.997754
vn -0.066913 -0 -0.997759
vn -0.997841 0 0.0656807
vn -0.997843 0 0.0656498
vn -1.123e-21 -1 -6.12323e-17
vn -3.76181e-22 -1 -6.12323e-17
vn 2.33455e-24 -1 -6.12323e-17
vn 0 -1 -6.12323e-17
vn 5.61917e-24 -1 -6.12323e-17
vn 0 -1 -6.12335e-17
vn 7.45158e-25 -1 -6.12323e-17
vn -6.87801e-22 -1 -6.1232e-17
vn 0 -1 -6.12323e-17
vn 1.48105e-23 -1 -6.12323e-17
vn -0.997835 -4.02733e-18 0.0657713
vn -0.997841 4.03206e-05 0.0656791
vn -0.99784 0 0.0656997
vn 3.48237e-19 -1 -6.12679e-17
vn 0.066913 -0 0.997759
vn 0.0669484 -0 0.997756
vn 0.997841 0 -0.065679
vn 0.997689 0 -0.0679418
vn -0.0669317 0 -0.997758
vn -0.0669553 0 -0.997756
vn 5.4368e-25 -1 -6.12323e-17
vn 0 -1 -6.12323e-17
vn 0.997799 0 -0.0663075
vn 0.997689 -0.00017305 -0.0679389
vn 0.997708 0 -0.0676713
vn 4.13231e-20 1 6.12292e-17
vn -0.0669484 0 -0.997756
vn -0.997841 0 0.065679
vn 0.0669791 -0 0.997754
vn -1.12764e-24 -1 -6.12323e-17
vn 0.0666 -0 0.99778
vn 0.0686593 -0 0.99764
vn -0.99763 0 0.0688028
vn -0.997844 0 0.0656276
vn 0.99778 0 -0.0666008
vn -0.0669252 0 -0.997758
vn -1.35848e-23 -1 -6.12324e-17
vn -4.31675e-23 -1 -6.12324e-17

# Mesh 'defaultobject' with 108 faces
g defaultobject
usemtl DefaultMaterial
f  1//1 2//1 3//1
f  2//1 1//1 4//1
f  2//1 4//1 5//1
f  5//1 4//1 6//1
f  5//1 6//1 7//1
f  5//1 7//1 8//1
f  5//1 8//1 9//1
f  9//1 8//1 10//1
f  9//1 10//1 11//1
f  9//1 11//1 12//1
f  13//2 7//2 6//2
f  7//2 13//2 14//2
f  15//3 10//3 8//3
f  10//3 15//3 16//3
f  17//4 12//4 11//4
f  12//4 17//4 18//4
f  14//5 8//5 7//5
f  8//5 14//5 15//5
f  16//6 11//6 10//6
f  11//6 16//6 17//6
f  19//7 1//7 3//7
f  1//8 19//8 4//8
f  4//9 19//9 20//9
f  4//10 20//10 21//10
f  4//11 21//11 6//11
f  6//11 21//11 13//11
f  18//12 9//12 12//12
f  9//12 18//12 22//12
f  9//13 22//13 5//13
f  5//13 22//13 23//13
f  23//14 2//14 5//14
f  2//14 23//14 24//14
f  2//15 24//15 3//15
f  3//15 24//15 19//15
f  24//16 20//16 19//16
f  20//16 24//16 23//17
f  20//16 23//17 21//18
f  21//18 23//17 22//19
f  21//18 22//19 13//20
f  13//20 22//19 14//21
f  14//21 22//19 15//22
f  15//22 22//19 16//23
f  16//23 22//19 18//24
f  16//23 18//24 17//25
f  25//1 26//1 27//1
f  26//1 25//1 28//1
f  26//1 28//1 29//1
f  26//1 29//1 30//1
f  26//1 30//1 31//1
f  31//1 32//1 26//1
f  33//26 30//26 29//26
f  30//27 33//27 31//27
f  31//28 33//28 23//28
f  23//17 33//29 34//29
f  23//30 32//30 31//30
f  32//30 23//30 22//30
f  35//31 27//31 26//31
f  27//31 35//31 36//31
f  22//32 26//32 32//32
f  26//32 22//32 35//32
f  36//33 25//33 27//33
f  25//33 36//33 37//33
f  28//34 33//34 29//34
f  33//34 28//34 38//34
f  38//35 28//35 25//35
f  38//35 25//35 37//35
f  34//29 22//19 23//17
f  22//19 34//29 33//29
f  22//19 33//29 35//24
f  35//24 33//29 38//36
f  35//24 38//36 36//37
f  36//37 38//36 37//24
f  39//1 40//1 41//1
f  40//1 39//1 42//1
f  40//1 42//1 43//1
f  18//38 43//38 42//38
f  43//39 18//39 40//39
f  40//40 18//40 36//40
f  36//41 18//41 44//41
f  36//42 41//42 40//42
f  41//42 36//42 35//42
f  35//43 39//43 41//43
f  39//43 35//43 22//43
f  22//44 42//44 39//44
f  42//44 22//44 18//44
f  44//45 35//24 36//37
f  35//24 44//45 18//24
f  35//24 18//24 22//19
f  45//1 46//1 47//1
f  46//1 45//1 48//1
f  48//1 45//1 49//1
f  49//1 45//1 50//1
f  13//46 48//46 49//46
f  48//46 13//46 51//46
f  52//47 47//47 46//47
f  47//47 52//47 53//47
f  51//48 46//48 48//48
f  46//48 51//48 52//48
f  14//49 49//49 50//49
f  49//49 14//49 13//49
f  53//50 45//50 47//50
f  45//50 53//50 15//50
f  15//51 50//51 45//51
f  50//51 15//51 14//51
f  52//52 15//22 53//52
f  15//22 52//52 51//53
f  15//22 51//53 13//20
f  15//22 13//20 14//21

