# {"id":"ID_13518","idOriginal":"ID_13518","origin":[14.269048035237647,48.28786454290867],"elevation":321.928}
# Longitude: 14.269048035237647
# Latitude: 48.28786454290867
# Elevation: 321.928

# File produced by Open Asset Import Library (http://www.assimp.sf.net)
# (assimp v3.1.0)

mtllib ID_13518.obj.mtl

# 26 vertex positions
v  1.741 5.812 -3.614
v  10.542 5.812 5.078
v  12.283 5.812 1.464
v  2.419 5.812 1.165
v  0 5.812 3.55882e-16
v  0 0 0
v  10.542 -3.10938e-16 5.078
v  2.419 -7.13357e-17 1.165
v  12.283 -8.96441e-17 1.464
v  1.741 2.21294e-16 -3.614
v  13.539 11.521 -13.793
v  12.283 11.521 1.464
v  18.484 11.521 -11.411
v  12.73 11.521 -12.114
v  7.593 11.521 -14.588
v  7.106 11.521 -14.841
v  5.75 11.521 -11.937
v  2.419 11.521 -5.022
v  1.741 11.521 -3.614
v  18.484 6.98722e-16 -11.411
v  13.539 8.44578e-16 -13.793
v  12.73 7.41769e-16 -12.114
v  7.593 8.93257e-16 -14.588
v  7.106 9.08749e-16 -14.841
v  5.75 7.3093e-16 -11.937
v  2.419 3.07509e-16 -5.022

# 0 UV coordinates

# 27 vertex normals
vn 0 1 0
vn -0.433905 -5.51678e-17 0.900959
vn -0.433989 4.29674e-05 0.900918
vn -0.43397 0 0.900927
vn 0 -1 -6.11564e-17
vn 0.900911 -0 0.434003
vn 0.43397 0 -0.900927
vn -0.900911 0 -0.434003
vn -0.900911 2.6575e-17 -0.434003
vn 5.48876e-25 -1 -6.12323e-17
vn 5.63939e-25 -1 -6.12323e-17
vn 0.900949 -0 0.433925
vn 0.433975 0 -0.900925
vn 0.433905 0 -0.900958
vn 0.461007 0 -0.887396
vn -0.900877 0 -0.434074
vn -0.906087 0 -0.42309
vn -0.900917 0.00335274 -0.433978
vn -0.900978 0.0032207 -0.433852
vn -0.906045 -0.0096447 -0.423071
vn -0.900933 -0 -0.433959
vn 0 1 6.12248e-17
vn -0.43397 0 0.900927
vn 7.11575e-24 -1 -6.12324e-17
vn 4.18797e-24 -1 -6.12323e-17
vn 3.53686e-24 -1 -6.12323e-17
vn -2.65479e-22 -1 -6.12325e-17

# Mesh 'defaultobject' with 48 faces
g defaultobject
usemtl DefaultMaterial
f  1//1 2//1 3//1
f  2//1 1//1 4//1
f  4//1 1//1 5//1
f  6//2 4//2 5//2
f  4//3 6//3 2//3
f  2//4 6//4 7//4
f  7//5 6//5 8//5
f  7//6 3//6 2//6
f  3//6 7//6 9//6
f  9//7 1//7 3//7
f  1//7 9//7 10//7
f  10//8 5//8 1//8
f  5//8 10//8 6//9
f  8//5 9//10 7//5
f  9//10 8//5 10//11
f  10//11 8//5 6//5
f  11//1 12//1 13//1
f  12//1 11//1 14//1
f  12//1 14//1 15//1
f  12//1 15//1 16//1
f  12//1 16//1 17//1
f  12//1 17//1 18//1
f  12//1 18//1 19//1
f  9//12 13//12 12//12
f  13//12 9//12 20//12
f  20//13 11//13 13//13
f  11//13 20//13 21//13
f  22//14 15//14 14//14
f  15//14 22//14 23//14
f  23//15 16//15 15//15
f  16//15 23//15 24//15
f  21//16 14//16 11//16
f  14//16 21//16 22//16
f  24//17 17//17 16//17
f  17//18 24//18 18//18
f  18//19 24//19 19//19
f  19//20 24//20 25//20
f  19//21 25//21 10//21
f  10//22 25//22 26//22
f  10//23 12//23 19//23
f  12//23 10//23 9//23
f  20//24 22//24 21//24
f  22//24 20//24 25//25
f  25//25 20//24 26//26
f  26//26 20//24 9//10
f  26//26 9//10 10//11
f  23//27 25//25 24//27
f  25//25 23//27 22//24

