# {"id":"ID_23025","idOriginal":"ID_23025","origin":[14.270606099963254,48.29100763177389],"elevation":334.537}
# Longitude: 14.270606099963254
# Latitude: 48.29100763177389
# Elevation: 334.537

# File produced by Open Asset Import Library (http://www.assimp.sf.net)
# (assimp v3.1.0)

mtllib ID_23025.obj.mtl

# 29 vertex positions
v  11.193 10.541 3.126
v  4.564 7.773 3.789
v  8.322 7.773 6.759
v  4.633 7.839 3.702
v  7.359 10.541 0.095
v  4.557 7.84 3.641
v  0 7.858 4.81164e-16
v  2.695 10.541 -3.593
v  14.003 7.833 -0.428
v  10.169 7.833 -3.459
v  5.594 7.833 -7.077
v  3.012 10.225 -4.016
v  4.633 -2.26682e-16 3.702
v  4.557 -2.22947e-16 3.641
v  0 0 0
v  4.564 -2.32009e-16 3.789
v  8.322 -4.13869e-16 6.759
v  3.012 2.45909e-16 -4.016
v  5.594 4.33341e-16 -7.077
v  2.695 2.20008e-16 -3.593
v  14.003 2.62074e-17 -0.428
v  11.193 -1.91412e-16 3.126
v  10.169 2.11803e-16 -3.459
v  4.564 3.789 3.789
v  6.533 3.789 9.022
v  8.322 3.789 6.759
v  2.773 3.789 6.052
v  2.773 -3.70578e-16 6.052
v  6.533 -5.52438e-16 9.022

# 0 UV coordinates

# 40 vertex normals
vn -0.318144 0.858333 0.402553
vn -0.319024 0.859616 0.399104
vn -0.318199 0.858337 0.4025
vn -0.314206 0.858375 0.405546
vn -0.318152 0.858385 0.402436
vn -0.318162 0.858416 0.402361
vn 0.318175 0.858361 -0.402468
vn 0.318175 0.858361 -0.402468
vn 0.318219 0.858361 -0.402433
vn 0.318224 0.858376 -0.402397
vn 0.313738 0.858298 -0.40607
vn -0.625948 0 0.779865
vn -0.624214 2.76077e-05 0.781253
vn -0.625947 -0.00164858 0.779864
vn -0.624214 0 0.781253
vn -0.62005 0 0.784562
vn -0.783498 0 -0.621394
vn -0.783498 -0 -0.621394
vn -0.76438 0 -0.644766
vn -0.8001 0.00035353 -0.599867
vn -0.8 0 -0.6
vn -0.8 3.67394e-17 -0.6
vn -5.27673e-20 -1 -6.121e-17
vn 0.784507 0.00020716 0.62012
vn 0.784508 0 0.620118
vn 0.784508 0 0.620118
vn 0 -1 -6.12151e-17
vn 0.620168 0 -0.784469
vn 0.620294 0.000100445 -0.784369
vn 0.620237 0 -0.784415
vn -2.3072e-20 -1 -6.1233e-17
vn 1.99708e-24 -1 -6.12323e-17
vn 3.4005e-23 -1 -6.12319e-17
vn 1.18196e-22 -1 -6.12325e-17
vn 0 1 0
vn -0.619847 0 0.784723
vn 0.784475 -0 0.620161
vn 0.62005 0 -0.784562
vn -0.784137 0 -0.620588
vn 7.65678e-24 -1 -6.12323e-17

# Mesh 'defaultobject' with 54 faces
g defaultobject
usemtl DefaultMaterial
f  1//1 2//1 3//1
f  2//2 1//2 4//2
f  4//3 1//3 5//3
f  4//4 5//4 6//4
f  6//5 5//5 7//5
f  7//6 5//6 8//6
f  9//7 5//7 1//7
f  5//7 9//7 10//8
f  5//9 10//9 8//9
f  8//10 10//10 11//10
f  8//11 11//11 12//11
f  6//12 13//12 4//12
f  13//13 6//13 7//13
f  13//14 7//14 14//14
f  14//15 7//15 15//15
f  16//16 3//16 2//16
f  3//16 16//16 17//16
f  13//17 2//17 4//17
f  2//17 13//17 16//18
f  11//19 18//19 12//19
f  18//19 11//19 19//19
f  12//20 7//20 8//20
f  7//21 12//21 18//21
f  7//21 18//21 15//22
f  15//23 18//23 20//23
f  3//24 9//24 1//24
f  9//25 3//25 17//25
f  9//25 17//25 21//26
f  21//27 17//27 22//27
f  21//28 10//28 9//28
f  10//29 21//29 11//29
f  11//30 21//30 19//30
f  19//31 21//27 23//31
f  23//31 18//23 19//31
f  18//23 23//31 21//27
f  18//23 21//27 22//27
f  18//23 22//27 20//23
f  20//23 22//27 15//23
f  15//23 22//27 14//32
f  14//32 22//27 13//33
f  13//33 22//27 17//27
f  13//33 17//27 16//34
f  24//35 25//35 26//35
f  25//35 24//35 27//35
f  28//36 25//36 27//36
f  25//36 28//36 29//36
f  29//37 26//37 25//37
f  26//37 29//37 17//37
f  17//38 24//38 26//38
f  24//38 17//38 16//38
f  16//39 27//39 24//39
f  27//39 16//39 28//39
f  16//34 29//40 28//40
f  29//40 16//34 17//27

