# {"id":"_383","idOriginal":"_383","origin":[14.319730117306284,48.29778961138641],"elevation":252.282}
# Longitude: 14.319730117306284
# Latitude: 48.29778961138641
# Elevation: 252.282

# File produced by Open Asset Import Library (http://www.assimp.sf.net)
# (assimp v3.1.0)

mtllib _383.obj.mtl

# 31 vertex positions
v  22.475 30.345 -9.358
v  62.004 30.345 -9.61
v  56.255 30.345 -23.423
v  28.236 30.345 4.451
v  22.475 5.73012e-16 -9.358
v  28.236 -2.72545e-16 4.451
v  62.004 5.88443e-16 -9.61
v  56.255 1.43425e-15 -23.423
v  0 14.256 8.72928e-16
v  28.236 14.256 4.451
v  22.475 14.256 -9.358
v  70.131 14.256 9.915
v  62.004 14.256 -9.61
v  70.531 14.256 10.877
v  36.786 14.256 24.943
v  1.63 14.256 3.921
v  5.743 14.256 13.816
v  26.124 14.256 29.387
v  9.343 14.256 22.477
v  12.264 14.256 29.387
v  14.34 14.256 34.299
v  14.34 -2.10021e-15 34.299
v  12.264 -1.79943e-15 29.387
v  9.343 -1.37632e-15 22.477
v  5.743 -8.45986e-16 13.816
v  0 0 0
v  1.63 -2.40092e-16 3.921
v  26.124 -1.79943e-15 29.387
v  36.786 -1.52732e-15 24.943
v  70.531 -6.66024e-16 10.877
v  70.131 -6.07119e-16 9.915

# 0 UV coordinates

# 32 vertex normals
vn 0 1 0
vn -0.922905 0 0.385028
vn 0.384406 -0 0.923164
vn 0.923229 0 -0.38425
vn -0.384382 0 -0.923174
vn 0 -1 -6.12323e-17
vn -0.921112 0 0.389297
vn -0.921085 2.60915e-05 0.389362
vn -0.923394 -0.00538313 0.383815
vn -0.921105 0.00387043 0.389294
vn -0.923401 -0.00315374 0.383825
vn -0.921052 0.00846389 0.389348
vn -0.923408 -5.13524e-06 0.38382
vn -0.92339 2.94285e-05 0.383863
vn -0.923401 0 0.383837
vn -4.7547e-19 -1 -6.10979e-17
vn 0.384749 -0 0.923021
vn 0.384726 0 0.923031
vn 0.384746 0 0.923023
vn 0.92336 0 -0.383935
vn 0.923218 -2.69957e-05 -0.384276
vn 0.923225 0 -0.38426
vn -4.16594e-19 1 6.13435e-17
vn 0.922905 0 -0.385028
vn -0.384406 0 -0.923164
vn -0.384385 0 -0.923173
vn -0.384385 5.6528e-17 -0.923173
vn -2.22382e-23 -1 -6.12324e-17
vn 0 -1 -6.12323e-17
vn 1.19523e-23 -1 -6.12323e-17
vn 0 -1 -6.12322e-17
vn 4.00705e-21 -1 -6.12337e-17

# Mesh 'defaultobject' with 60 faces
g defaultobject
usemtl DefaultMaterial
f  1//1 2//1 3//1
f  2//1 1//1 4//1
f  5//2 4//2 1//2
f  4//2 5//2 6//2
f  6//3 2//3 4//3
f  2//3 6//3 7//3
f  7//4 3//4 2//4
f  3//4 7//4 8//4
f  8//5 1//5 3//5
f  1//5 8//5 5//5
f  8//6 6//6 5//6
f  6//6 8//6 7//6
f  9//1 10//1 11//1
f  10//1 12//1 13//1
f  12//1 10//1 14//1
f  14//1 10//1 15//1
f  15//1 10//1 9//1
f  15//1 9//1 16//1
f  15//1 16//1 17//1
f  15//1 17//1 18//1
f  18//1 17//1 19//1
f  18//1 19//1 20//1
f  18//1 20//1 21//1
f  20//7 22//7 21//7
f  22//8 20//8 19//8
f  22//9 19//9 17//9
f  22//10 17//10 23//10
f  23//11 17//11 16//11
f  23//12 16//12 24//12
f  24//13 16//13 25//13
f  25//14 16//14 9//14
f  25//15 9//15 26//15
f  25//16 26//16 27//16
f  22//17 18//17 21//17
f  18//17 22//17 28//17
f  18//18 28//18 15//18
f  15//18 28//18 29//18
f  15//19 29//19 14//19
f  14//19 29//19 30//19
f  30//20 12//20 14//20
f  12//21 30//21 13//21
f  13//22 30//22 7//22
f  7//23 30//23 31//23
f  6//24 11//24 10//24
f  11//24 6//24 5//24
f  7//25 10//25 13//25
f  10//25 7//25 6//25
f  5//5 9//26 11//26
f  9//26 5//5 26//27
f  29//28 31//28 30//28
f  31//28 29//28 7//6
f  7//6 29//28 6//6
f  6//6 29//28 28//29
f  6//6 28//29 22//30
f  6//6 22//30 5//6
f  5//6 22//30 26//16
f  26//16 22//30 23//31
f  26//16 23//31 27//16
f  27//16 23//31 25//16
f  25//16 23//31 24//32

