# {"id":"ID_14291","idOriginal":"ID_14291","origin":[14.276338671184437,48.29053674920381],"elevation":313.468,"wof":[{"Id":102049853,"Name":"Linz","Placetype":"county","Offset":-1},{"Id":85681677,"Name":"Oberösterreich","Placetype":"region","Offset":-1},{"Id":101748071,"Name":"Linz","Placetype":"locality","Offset":-1},{"Id":85898459,"Name":"Wegscheid","Placetype":"neighbourhood","Offset":-1},{"Id":85632785,"Name":"Austria","Placetype":"country","Offset":-1}]}

# Attribution: City of Linz <http://geo.data.linz.gv.at/katalog/geodata/3d_geo_daten_lod2/>
# Longitude: 14.276338671184437
# Latitude: 48.29053674920381
# Elevation: 313.468

# File produced by Open Asset Import Library (http://www.assimp.sf.net)
# (assimp v3.1.0)


# 18 vertex positions
v  1.004 14.962 -5.307
v  17.792 11.136 3.362
v  18.788 14.962 -1.946
v  6.531 11.127 1.247
v  0 11.136 6.81883e-16
v  19.787 11.127 -7.267
v  18.943 11.124 -7.43
v  7.983 11.128 -9.496
v  2.005 11.144 -10.603
v  2.005 6.49247e-16 -10.603
v  0 0 0
v  1.004 3.2496e-16 -5.307
v  17.792 -2.05863e-16 3.362
v  6.531 -7.63567e-17 1.247
v  19.787 4.44975e-16 -7.267
v  18.788 1.19158e-16 -1.946
v  7.983 5.81462e-16 -9.496
v  18.943 4.54956e-16 -7.43

# 0 UV coordinates

# 28 vertex normals
vn -0.10735 0.815985 0.568018
vn -0.10733 0.816008 0.567989
vn -0.107324 0.81601 0.567986
vn 0.107341 0.816017 -0.567974
vn 0.107038 0.815175 -0.569239
vn 0.107365 0.816008 -0.567982
vn 0.107363 0.816007 -0.567984
vn -0.982587 0.000118207 -0.185805
vn -0.982587 0 -0.185805
vn -0.982587 1.13773e-17 -0.185805
vn -8.68719e-20 -1 -6.12556e-17
vn -0.187547 -6.01458e-17 0.982256
vn -0.184587 -0.00180018 0.982814
vn -0.185676 0 0.982611
vn 0 1 6.12325e-17
vn 0.982838 7.18733e-05 0.184473
vn 0.982838 0 0.184473
vn 0.982838 0 0.184473
vn 0 -1 -6.12187e-17
vn 0.182083 0 -0.983283
vn 0.18524 -0.00175484 -0.982692
vn 0.182082 0.00322102 -0.983278
vn 0.185241 0 -0.982693
vn 0.189624 0 -0.981857
vn 0.189624 0 -0.981857
vn 4.2776e-25 -1 -6.12323e-17
vn -4.24258e-24 -1 -6.12323e-17
vn 1.755e-24 -1 -6.12323e-17

# Mesh 'defaultobject' with 32 faces
g defaultobject
usemtl DefaultMaterial
f  1//1 2//1 3//1
f  2//2 1//2 4//2
f  4//2 1//2 5//3
f  6//4 1//4 3//4
f  1//5 6//5 7//5
f  1//6 7//6 8//6
f  1//6 8//6 9//7
f  9//8 5//8 1//8
f  5//9 9//9 10//9
f  5//9 10//9 11//10
f  11//11 10//11 12//11
f  11//12 4//12 5//12
f  4//13 11//13 2//13
f  2//14 11//14 13//14
f  13//15 11//15 14//15
f  2//16 6//16 3//16
f  6//17 2//17 13//17
f  6//17 13//17 15//18
f  15//19 13//19 16//19
f  8//20 10//20 9//20
f  10//21 8//21 7//21
f  10//22 7//22 17//22
f  17//23 7//23 18//23
f  18//24 7//24 6//24
f  18//24 6//24 15//25
f  14//26 16//19 13//19
f  16//19 14//26 15//19
f  15//19 14//26 11//11
f  15//19 11//11 18//27
f  18//27 11//11 12//11
f  18//27 12//11 17//28
f  17//28 12//11 10//11

