# {"id":"ID_2841","idOriginal":"ID_2841","origin":[14.299035228619168,48.242543003727526],"elevation":260.437,"wof":[{"Id":85681677,"Name":"Oberösterreich","Placetype":"region","Offset":-1},{"Id":85898447,"Name":"Scharlinz","Placetype":"neighbourhood","Offset":-1},{"Id":102049853,"Name":"Linz","Placetype":"county","Offset":-1},{"Id":85632785,"Name":"Austria","Placetype":"country","Offset":-1}]}

# Attribution: City of Linz <http://geo.data.linz.gv.at/katalog/geodata/3d_geo_daten_lod2/>
# Longitude: 14.299035228619168
# Latitude: 48.242543003727526
# Elevation: 260.437

# File produced by Open Asset Import Library (http://www.assimp.sf.net)
# (assimp v3.1.0)


# 30 vertex positions
v  27.833 9.471 -9.85
v  14.491 9.471 1.6
v  29.964 9.471 -3.86
v  12.365 9.471 -4.376
v  12.365 2.67953e-16 -4.376
v  14.491 -9.79717e-17 1.6
v  29.964 2.36357e-16 -3.86
v  27.833 6.03139e-16 -9.85
v  6.115 9.423 17.269
v  16.165 9.423 6.305
v  3.78 9.423 10.675
v  18.509 9.423 12.895
v  31.638 9.423 0.845
v  33.982 9.423 7.435
v  6.115 -1.05742e-15 17.269
v  18.509 -7.89591e-16 12.895
v  33.982 -4.55262e-16 7.435
v  31.638 -5.17413e-17 0.845
v  16.165 -3.8607e-16 6.305
v  3.78 -6.53655e-16 10.675
v  0 12.023 7.36196e-16
v  14.491 12.023 1.6
v  12.365 12.023 -4.376
v  16.165 12.023 6.305
v  3.78 12.023 10.675
v  2.113 12.023 5.968
v  31.638 12.023 0.845
v  29.964 12.023 -3.86
v  0 0 0
v  2.113 -3.65435e-16 5.968

# 0 UV coordinates

# 29 vertex normals
vn 0 1 -0
vn -0.942155 0 0.335178
vn 0.332763 -0 0.943011
vn 0.942154 0 -0.33518
vn -0.333617 0 -0.942709
vn 0 -1 -6.12323e-17
vn 4.05984e-24 -1 -6.12323e-17
vn 0.332796 -0 0.942999
vn 0.332763 0 0.943011
vn 0.942175 0 -0.335122
vn -0.332763 0 -0.943011
vn -0.33274 -0 -0.943018
vn -0.942644 0 0.3338
vn -3.69028e-24 -1 -6.12323e-17
vn 0 -1 -6.12323e-17
vn 1.3821e-23 -1 -6.12323e-17
vn -1.15248e-23 -1 -6.12324e-17
vn 0.33274 -0 0.943018
vn 0.942144 0 -0.335207
vn 0.942155 0 -0.335178
vn -0.332763 0 -0.943011
vn -0.333626 0 -0.942706
vn -0.333626 5.77241e-17 -0.942706
vn -0.942631 0 0.333836
vn -0.94266 -3.63088e-05 0.333754
vn -0.942631 4.60345e-05 0.333836
vn -0.94266 0 0.333754
vn 2.85124e-24 -1 -6.12323e-17
vn 0 -1 -6.12537e-17

# Mesh 'defaultobject' with 60 faces
g defaultobject
usemtl DefaultMaterial
f  1//1 2//1 3//1
f  2//1 1//1 4//1
f  5//2 2//2 4//2
f  2//2 5//2 6//2
f  6//3 3//3 2//3
f  3//3 6//3 7//3
f  7//4 1//4 3//4
f  1//4 7//4 8//4
f  8//5 4//5 1//5
f  4//5 8//5 5//5
f  8//6 6//6 5//6
f  6//6 8//6 7//7
f  9//1 10//1 11//1
f  10//1 9//1 12//1
f  10//1 12//1 13//1
f  13//1 12//1 14//1
f  15//8 12//8 9//8
f  12//8 15//8 16//8
f  12//9 16//9 14//9
f  14//9 16//9 17//9
f  17//10 13//10 14//10
f  13//10 17//10 18//10
f  18//11 10//11 13//11
f  10//11 18//11 19//11
f  10//12 19//12 11//12
f  11//12 19//12 20//12
f  20//13 9//13 11//13
f  9//13 20//13 15//13
f  16//14 18//14 17//14
f  18//14 16//14 19//15
f  19//15 16//14 15//16
f  19//15 15//16 20//17
f  21//1 22//1 23//1
f  22//1 21//1 24//1
f  24//1 21//1 25//1
f  25//1 21//1 26//1
f  22//1 27//1 28//1
f  27//1 22//1 24//1
f  20//18 24//18 25//18
f  24//18 20//18 19//18
f  24//3 19//3 27//3
f  27//3 19//3 18//3
f  18//19 28//19 27//19
f  28//19 18//19 7//19
f  6//20 23//20 22//20
f  23//20 6//20 5//20
f  7//21 22//21 28//21
f  22//21 7//21 6//21
f  5//5 21//22 23//22
f  21//22 5//5 29//23
f  26//24 20//24 25//24
f  20//25 26//25 21//25
f  20//26 21//26 30//26
f  30//27 21//27 29//27
f  19//15 7//7 18//14
f  7//7 19//15 6//6
f  6//6 19//15 20//17
f  6//6 20//17 5//6
f  5//6 20//17 29//28
f  29//28 20//17 30//29

