# {"id":"ID_13906","idOriginal":"ID_13906","origin":[14.3425486258491,48.26739369576479],"elevation":253.277}
# Longitude: 14.3425486258491
# Latitude: 48.26739369576479
# Elevation: 253.277

# File produced by Open Asset Import Library (http://www.assimp.sf.net)
# (assimp v3.1.0)

mtllib ID_13906.obj.mtl

# 32 vertex positions
v  7.079 8.071 -9.365
v  10.68 8.071 -13.498
v  10.377 8.071 -13.727
v  14.986 8.071 -10.16
v  10.579 8.071 -6.653
v  18.209 8.071 -7.661
v  11.692 8.071 -5.933
v  11.623 8.071 -5.844
v  29.69 8.071 1.24
v  11.754 8.071 -5.884
v  18.209 8.071 -0.835
v  26.357 8.071 5.539
v  27.891 8.071 3.561
v  11.692 3.63291e-16 -5.933
v  26.357 -3.39166e-16 5.539
v  11.754 3.60291e-16 -5.884
v  18.209 5.1129e-17 -0.835
v  7.079 5.73441e-16 -9.365
v  11.623 3.57842e-16 -5.844
v  10.579 4.07379e-16 -6.653
v  29.69 -7.59281e-17 1.24
v  27.891 -2.18048e-16 3.561
v  18.209 4.69101e-16 -7.661
v  14.986 6.22121e-16 -10.16
v  10.68 8.26514e-16 -13.498
v  10.377 8.40536e-16 -13.727
v  0 7.595 4.6506e-16
v  7.079 7.595 -9.365
v  11.623 8.214 -5.844
v  4.412 8.202 3.511
v  4.412 -2.14987e-16 3.511
v  0 0 0

# 0 UV coordinates

# 38 vertex normals
vn 0 1 0
vn -0.620061 0 0.784554
vn -0.616101 -4.93197e-05 0.787667
vn -0.616147 1.00971e-05 0.787632
vn -0.616143 0 0.787634
vn 0 1 6.11779e-17
vn -8.61974e-20 -1 -6.1114e-17
vn -0.612501 0 0.79047
vn -0.612524 1.62824e-05 0.790452
vn -0.612506 0 0.790466
vn 3.81258e-19 -1 -6.16113e-17
vn 0.790212 -0 0.612834
vn 0.790378 -8.40866e-05 0.61262
vn 0.790302 0 0.612718
vn 0 1 6.12216e-17
vn 0.790307 -0 0.612711
vn 0.61271 0 -0.790308
vn 0.612752 0 -0.790276
vn 0.612669 0 -0.790339
vn 0.602944 0 -0.797783
vn -0.797668 0 -0.603097
vn -7.26682e-24 -1 -6.12323e-17
vn -6.75514e-25 -1 -6.12323e-17
vn -7.97001e-20 -1 -6.12761e-17
vn 1.17888e-22 -1 -6.12322e-17
vn -0.0852743 0.99427 -0.0644588
vn -0.0856993 0.994189 -0.0651404
vn -0.0854115 0.994252 -0.0645613
vn -0.622682 0 0.782475
vn -0.622681 0 0.782475
vn 0.792016 0 0.6105
vn 0.612525 0 -0.790452
vn 0.612501 -4.77296e-06 -0.790469
vn 0.612506 0 -0.790466
vn -6.10013e-19 1 6.19163e-17
vn -0.797735 0 -0.603008
vn -0.797735 3.69236e-17 -0.603008
vn -1.28003e-23 -1 -6.12323e-17

# Mesh 'defaultobject' with 64 faces
g defaultobject
usemtl DefaultMaterial
f  1//1 2//1 3//1
f  2//1 1//1 4//1
f  4//1 1//1 5//1
f  4//1 5//1 6//1
f  6//1 5//1 7//1
f  7//1 5//1 8//1
f  7//1 9//1 6//1
f  9//1 7//1 10//1
f  9//1 10//1 11//1
f  9//1 11//1 12//1
f  9//1 12//1 13//1
f  14//2 10//2 7//2
f  10//3 14//3 11//3
f  11//4 14//4 12//4
f  12//5 14//5 15//5
f  15//6 14//6 16//6
f  15//7 16//7 17//7
f  18//8 5//8 1//8
f  5//9 18//9 8//9
f  8//10 18//8 19//10
f  19//11 18//11 20//11
f  15//12 13//12 12//12
f  13//13 15//13 9//13
f  9//14 15//14 21//14
f  21//15 15//6 22//15
f  19//16 7//16 8//16
f  7//16 19//16 14//16
f  21//17 6//17 9//17
f  6//17 21//17 23//17
f  6//18 23//18 4//18
f  4//18 23//18 24//18
f  4//19 24//19 2//19
f  2//19 24//19 25//19
f  2//20 25//20 3//20
f  3//20 25//20 26//20
f  26//21 1//21 3//21
f  1//21 26//21 18//21
f  23//22 14//22 24//22
f  14//22 23//22 16//7
f  16//7 23//22 17//7
f  17//7 23//22 21//23
f  17//7 21//23 15//7
f  15//7 21//23 22//24
f  25//25 18//11 26//25
f  18//11 25//25 24//22
f  18//11 24//22 20//11
f  20//11 24//22 14//22
f  20//11 14//22 19//11
f  27//26 5//26 28//26
f  5//27 27//27 29//27
f  29//28 27//28 30//28
f  27//29 31//29 30//29
f  31//29 27//29 32//30
f  30//31 19//31 29//31
f  19//31 30//31 31//31
f  19//32 5//32 29//32
f  5//33 19//33 28//33
f  28//33 19//33 18//34
f  18//35 19//35 20//35
f  18//36 27//36 28//36
f  27//36 18//36 32//37
f  18//11 31//38 32//38
f  31//38 18//11 19//11
f  19//11 18//11 20//11

