# {"id":"ID_21653","idOriginal":"ID_21653","origin":[14.266839298031451,48.290086139302666],"elevation":329.133}
# Longitude: 14.266839298031451
# Latitude: 48.290086139302666
# Elevation: 329.133

# File produced by Open Asset Import Library (http://www.assimp.sf.net)
# (assimp v3.1.0)

mtllib ID_21653.obj.mtl

# 26 vertex positions
v  7.99 10.417 2.152
v  17.562 7.13 6.072
v  14.159 10.422 -0.873
v  11.447 7.135 9.045
v  7.99 -1.31772e-16 2.152
v  11.447 -5.53847e-16 9.045
v  17.562 -3.71803e-16 6.072
v  14.159 5.34558e-17 -0.873
v  14.159 10.288 -0.873
v  7.947 10.223 2.067
v  7.99 10.288 2.152
v  6.249 7.717 -1.16
v  5.496 6.542 -2.695
v  11.76 6.542 -5.767
v  7.853 10.223 2.114
v  7.853 -1.29445e-16 2.114
v  5.496 1.65021e-16 -2.695
v  6.249 7.10295e-17 -1.16
v  7.947 -1.26567e-16 2.067
v  11.76 3.53127e-16 -5.767
v  0 6.931 4.24401e-16
v  5.496 7.716 -2.695
v  7.853 7.719 2.114
v  2.322 6.927 4.861
v  0 0 0
v  2.322 -2.9765e-16 4.861

# 0 UV coordinates

# 40 vertex normals
vn 0.171833 0.920113 0.351946
vn 0.171848 0.920121 0.351916
vn -0.893882 0 0.448303
vn 0.437244 -0 0.899343
vn 0.437244 0 0.899343
vn 0.897993 0 -0.44001
vn 0.897993 0 -0.44001
vn -0.440272 0 -0.897864
vn 0 -1 -6.12323e-17
vn 4.02691e-24 -1 -6.12323e-17
vn -0.248171 0.825996 -0.506104
vn -0.24938 0.824034 -0.508702
vn -0.249423 0.824143 -0.508504
vn -0.249403 0.824121 -0.508549
vn -0.253334 0.824085 -0.506661
vn -0.898018 0 0.439958
vn -0.897849 0.000182136 0.440304
vn -0.897947 0 0.440104
vn 0 -1 -6.12153e-17
vn -0.892319 0 0.451405
vn 0.447215 -0 0.894426
vn 0.440272 -0 0.897864
vn 0.897922 0 -0.440154
vn 0.897922 0 -0.440154
vn -0.44032 0 -0.897841
vn -1.38171e-22 -1 -6.12322e-17
vn 0 -1 -6.12323e-17
vn -0.114456 0.991877 0.0555006
vn -0.114461 0.991878 0.0554712
vn -0.114468 0.991876 0.055495
vn -0.902338 -2.63929e-17 0.431029
vn -0.902338 0 0.431028
vn 0.444815 0 0.895622
vn 0.444815 0 0.895622
vn 0.898018 0 -0.439958
vn 0.897794 -0.000241169 -0.440416
vn 0.897947 0 -0.440104
vn -1.66338e-20 1 6.12415e-17
vn -0.440273 0 -0.897864
vn -0.440273 5.49783e-17 -0.897864

# Mesh 'defaultobject' with 52 faces
g defaultobject
usemtl DefaultMaterial
f  1//1 2//1 3//1
f  2//2 1//2 4//2
f  5//3 4//3 1//3
f  4//3 5//3 6//3
f  6//4 2//4 4//4
f  2//4 6//4 7//5
f  2//6 8//6 3//6
f  8//6 2//6 7//7
f  8//8 1//8 3//8
f  1//8 8//8 5//8
f  8//9 6//9 5//9
f  6//9 8//9 7//10
f  9//11 10//11 11//11
f  10//12 9//12 12//12
f  12//13 9//13 13//13
f  13//14 9//14 14//14
f  12//15 15//15 10//15
f  12//16 16//16 15//16
f  16//17 12//17 13//17
f  16//18 13//18 17//18
f  16//19 17//19 18//19
f  10//20 5//20 11//20
f  5//20 10//20 19//20
f  16//21 10//21 15//21
f  10//21 16//21 19//21
f  5//22 9//22 11//22
f  9//22 5//22 8//22
f  8//23 14//23 9//23
f  14//23 8//23 20//24
f  20//25 13//25 14//25
f  13//25 20//25 17//25
f  18//19 19//26 16//19
f  19//26 8//9 5//9
f  8//9 19//26 18//19
f  8//9 18//19 17//19
f  8//9 17//19 20//27
f  21//28 12//28 22//28
f  12//29 21//29 23//29
f  23//30 21//30 24//30
f  25//31 24//31 21//31
f  24//31 25//31 26//32
f  24//33 16//33 23//33
f  16//33 24//33 26//34
f  16//35 12//35 23//35
f  12//36 16//36 22//36
f  22//37 16//37 17//37
f  17//38 16//38 18//38
f  17//39 21//39 22//39
f  21//39 17//39 25//40
f  17//19 26//27 25//27
f  26//27 17//19 16//19
f  16//19 17//19 18//19

