# {"id":"ID_3267","idOriginal":"ID_3267","origin":[14.32084115692674,48.25580668157905],"elevation":256.78,"wof":[{"Id":102049853,"Name":"Linz","Placetype":"county","Offset":-1},{"Id":101748071,"Name":"Linz","Placetype":"locality","Offset":-1},{"Id":85681677,"Name":"Oberösterreich","Placetype":"region","Offset":-1},{"Id":85898429,"Name":"Kleinmünchen","Placetype":"neighbourhood","Offset":-1},{"Id":85632785,"Name":"Austria","Placetype":"country","Offset":-1}]}

# Attribution: City of Linz <http://geo.data.linz.gv.at/katalog/geodata/3d_geo_daten_lod2/>
# Longitude: 14.32084115692674
# Latitude: 48.25580668157905
# Elevation: 256.78

# File produced by Open Asset Import Library (http://www.assimp.sf.net)
# (assimp v3.1.0)


# 42 vertex positions
v  11.528 19.02 -1.335
v  22.382 19.02 37.404
v  29.655 19.02 33.658
v  4.255 19.02 2.411
v  4.255 -1.47631e-16 2.411
v  22.382 -2.29033e-15 37.404
v  29.655 -2.06096e-15 33.658
v  11.528 8.17452e-17 -1.335
v  2.369 14.64 -1.229
v  11.528 14.64 -1.335
v  9.63 14.64 -4.998
v  4.255 14.64 2.411
v  2.369 7.52545e-17 -1.229
v  9.63 3.06039e-16 -4.998
v  0 16.58 1.01523e-15
v  4.255 16.58 2.411
v  2.369 16.58 -1.229
v  9.246 16.58 17.849
v  22.382 16.58 37.404
v  11.567 16.58 22.329
v  17.759 16.58 34.282
v  18.586 16.58 35.879
v  20.009 16.58 38.626
v  20.009 -2.36516e-15 38.626
v  17.759 -2.09917e-15 34.282
v  0 0 0
v  18.586 -2.19696e-15 35.879
v  11.567 -1.36726e-15 22.329
v  9.246 -1.09294e-15 17.849
v  20.662 15.84 39.887
v  22.382 15.84 37.404
v  20.009 15.84 38.626
v  29.655 15.84 33.658
v  30.321 15.84 34.944
v  20.687 15.84 39.935
v  30.368 15.84 35.035
v  20.722 15.84 40.003
v  20.722 -2.44948e-15 40.003
v  30.368 -2.14528e-15 35.035
v  30.321 -2.1397e-15 34.944
v  20.662 -2.44237e-15 39.887
v  20.687 -2.44531e-15 39.935

# 0 UV coordinates

# 50 vertex normals
vn 0 1 0
vn -0.887936 0 0.459967
vn 0.457889 -0 0.889009
vn 0.887936 0 -0.459967
vn -0.457889 0 -0.889009
vn 0 -1 -6.12323e-17
vn 5.25442e-24 -1 -6.12323e-17
vn -0.887895 0 0.460047
vn 0.457889 -0 0.889009
vn 0.887887 0 -0.460062
vn -0.460706 0 -0.887553
vn 2.95962e-25 -1 -6.12323e-17
vn 2.94103e-25 -1 -6.12323e-17
vn -0.887935 0 0.459968
vn -0.887999 -2.56666e-05 0.459846
vn -0.887932 1.69547e-05 0.459974
vn -0.887914 6.16517e-05 0.46001
vn -0.887938 -1.3918e-05 0.459963
vn -0.887959 -0.00013018 0.459924
vn -0.887933 0 0.459973
vn -4.15037e-19 1 6.14254e-17
vn 0 1 6.17954e-17
vn -5.45756e-19 1 6.15145e-17
vn 0.457822 -0 0.889044
vn 0.887936 0 -0.459967
vn 0.887895 0 -0.460047
vn -0.460503 0 -0.887658
vn -0.460503 5.43534e-17 -0.887658
vn 0 -1 -6.12323e-17
vn 3.94664e-24 -1 -6.12323e-17
vn -2.20219e-22 -1 -6.12322e-17
vn -9.43052e-23 -1 -6.12323e-17
vn 4.41067e-23 -1 -6.12325e-17
vn 1.28221e-23 -1 -6.12324e-17
vn 0.457873 -0 0.889018
vn 0.888488 0 -0.4589
vn 0.887985 -7.08346e-06 -0.459873
vn 0.888018 0 -0.459809
vn -7.73817e-19 1 6.16202e-17
vn -0.457889 0 -0.889009
vn -0.457822 3.88647e-05 -0.889044
vn -0.457873 -0 -0.889018
vn -0.888 0 0.459844
vn -0.886918 -0.000210372 0.461926
vn -0.889128 0.00023696 0.457658
vn -0.888 -3.85951e-06 0.459844
vn -0.888215 0 0.459428
vn 3.45629e-19 -1 -6.14141e-17
vn 3.14684e-23 -1 -6.12323e-17
vn 7.58509e-19 -1 -6.1625e-17

# Mesh 'defaultobject' with 84 faces
g defaultobject
usemtl DefaultMaterial
f  1//1 2//1 3//1
f  2//1 1//1 4//1
f  5//2 2//2 4//2
f  2//2 5//2 6//2
f  6//3 3//3 2//3
f  3//3 6//3 7//3
f  7//4 1//4 3//4
f  1//4 7//4 8//4
f  8//5 4//5 1//5
f  4//5 8//5 5//5
f  8//6 6//6 5//6
f  6//6 8//6 7//7
f  9//1 10//1 11//1
f  10//1 9//1 12//1
f  13//8 12//8 9//8
f  12//8 13//8 5//8
f  5//9 10//9 12//9
f  10//9 5//9 8//9
f  8//10 11//10 10//10
f  11//10 8//10 14//10
f  14//11 9//11 11//11
f  9//11 14//11 13//11
f  13//12 8//6 5//6
f  8//6 13//12 14//13
f  15//1 16//1 17//1
f  16//1 15//1 18//1
f  16//1 18//1 19//1
f  19//1 18//1 20//1
f  19//1 20//1 21//1
f  19//1 21//1 22//1
f  19//1 22//1 23//1
f  22//14 24//14 23//14
f  24//15 22//15 21//15
f  24//16 21//16 20//16
f  24//17 20//17 18//17
f  24//18 18//18 15//18
f  24//19 15//19 25//19
f  25//20 15//20 26//20
f  24//21 25//21 27//21
f  25//21 26//22 28//22
f  28//22 26//22 29//23
f  24//24 19//24 23//24
f  19//24 24//24 6//24
f  6//25 16//25 19//25
f  16//25 6//25 5//25
f  16//26 5//26 17//26
f  17//26 5//26 13//26
f  13//27 15//27 17//27
f  15//27 13//27 26//28
f  5//6 26//29 13//12
f  26//29 5//6 29//30
f  29//30 5//6 6//6
f  29//30 6//6 28//31
f  28//31 6//6 25//32
f  25//32 6//6 27//33
f  27//33 6//6 24//34
f  30//1 31//1 32//1
f  31//1 30//1 33//1
f  33//1 30//1 34//1
f  34//1 30//1 35//1
f  34//1 35//1 36//1
f  36//1 35//1 37//1
f  38//35 36//35 37//35
f  36//35 38//35 39//35
f  39//36 34//36 36//36
f  34//37 39//37 33//37
f  33//38 39//38 7//38
f  7//39 39//39 40//39
f  7//40 31//40 33//40
f  31//41 7//41 32//41
f  32//42 7//42 24//42
f  24//34 7//7 6//6
f  24//43 30//43 32//43
f  30//44 24//44 35//44
f  35//45 24//45 37//45
f  37//46 24//43 41//46
f  37//47 41//47 38//47
f  38//48 41//48 42//48
f  6//6 41//48 24//34
f  41//48 6//6 42//48
f  42//48 6//6 38//48
f  38//48 6//6 39//49
f  39//49 6//6 7//7
f  39//49 7//7 40//50

