# {"id":"ID_14463","idOriginal":"ID_14463","origin":[14.28715988409404,48.31500602656702],"elevation":259.609}
# Longitude: 14.28715988409404
# Latitude: 48.31500602656702
# Elevation: 259.609

# File produced by Open Asset Import Library (http://www.assimp.sf.net)
# (assimp v3.1.0)

mtllib ID_14463.obj.mtl

# 25 vertex positions
v  9.731 11.065 -11.609
v  11.488 11.065 5.966
v  19.104 11.065 -5.238
v  2.115 11.065 -0.405
v  2.115 2.47991e-17 -0.405
v  11.488 -3.65312e-16 5.966
v  19.104 3.20735e-16 -5.238
v  9.731 7.10846e-16 -11.609
v  0 7.803 4.77796e-16
v  2.115 7.803 -0.405
v  0.855 7.803 -1.262
v  11.488 7.803 5.966
v  1.256 7.803 0.859
v  10.608 7.803 7.26
v  0 0 0
v  10.608 -4.44547e-16 7.26
v  1.256 -5.25986e-17 0.859
v  0.855 7.72752e-17 -1.262
v  2.115 10.921 -0.405
v  8.457 10.072 -12.475
v  0.855 10.081 -1.262
v  9.731 10.921 -11.609
v  8.549 10.133 -12.413
v  8.457 7.63873e-16 -12.475
v  8.549 7.60077e-16 -12.413

# 0 UV coordinates

# 27 vertex normals
vn 0 1 0
vn -0.562151 0 0.827035
vn 0.82702 -0 0.562173
vn 0.562151 0 -0.827035
vn -0.82702 0 -0.562173
vn -5.51681e-24 -1 -6.12323e-17
vn -0.564519 -5.05424e-17 0.82542
vn -0.56482 7.11131e-05 0.825214
vn -0.564784 0 0.825239
vn 0 -1 -6.12305e-17
vn 0.826903 -0 0.562345
vn 0.5624 0 -0.826865
vn -0.827889 0 -0.560892
vn -0.827889 3.43447e-17 -0.560892
vn 7.1221e-25 -1 -6.12323e-17
vn -0.399254 0.875756 -0.271382
vn -0.399186 0.875797 -0.271349
vn -0.232488 0.84324 -0.484661
vn 0.562425 0 -0.826849
vn 0.559112 -0.000564372 -0.829092
vn 0.562168 0 -0.827023
vn -2.17786e-20 1 6.12637e-17
vn -0.82771 0 -0.561157
vn -0.5624 0 0.826865
vn -0.5624 0 0.826865
vn 0.82702 -0 0.562173
vn 1.51905e-22 -1 -6.12322e-17

# Mesh 'defaultobject' with 48 faces
g defaultobject
usemtl DefaultMaterial
f  1//1 2//1 3//1
f  2//1 1//1 4//1
f  5//2 2//2 4//2
f  2//2 5//2 6//2
f  6//3 3//3 2//3
f  3//3 6//3 7//3
f  7//4 1//4 3//4
f  1//4 7//4 8//4
f  8//5 4//5 1//5
f  4//5 8//5 5//5
f  8//6 6//6 5//6
f  6//6 8//6 7//6
f  9//1 10//1 11//1
f  10//1 9//1 12//1
f  12//1 9//1 13//1
f  12//1 13//1 14//1
f  15//7 13//7 9//7
f  13//8 15//8 14//8
f  14//9 15//9 16//9
f  16//10 15//10 17//10
f  16//11 12//11 14//11
f  12//11 16//11 6//11
f  6//4 10//4 12//4
f  10//4 6//4 5//4
f  10//12 5//12 11//12
f  11//12 5//12 18//12
f  18//13 9//13 11//13
f  9//13 18//13 15//14
f  17//10 6//6 16//10
f  6//6 17//10 5//6
f  5//6 17//10 15//10
f  5//6 15//10 18//15
f  19//16 20//16 21//16
f  20//17 19//17 22//17
f  20//18 22//18 23//18
f  8//19 23//19 22//19
f  23//20 8//20 20//20
f  20//21 8//21 24//21
f  24//22 8//22 25//22
f  20//23 18//23 21//23
f  18//23 20//23 24//23
f  21//24 5//24 19//24
f  5//24 21//24 18//25
f  5//26 22//26 19//26
f  22//26 5//26 8//26
f  25//27 18//15 24//27
f  18//15 25//27 8//6
f  18//15 8//6 5//6

