# {"id":"ID_28667","idOriginal":"ID_28667","origin":[14.285197159523012,48.335860900712184],"elevation":287.64}
# Longitude: 14.285197159523012
# Latitude: 48.335860900712184
# Elevation: 287.64

# File produced by Open Asset Import Library (http://www.assimp.sf.net)
# (assimp v3.1.0)

mtllib ID_28667.obj.mtl

# 16 vertex positions
v  8.493 11.391 1.155
v  1.46 13.756 2.326
v  2.922 11.391 4.656
v  12.787 11.391 -1.544
v  12.973 13.756 -4.91
v  14.443 11.391 -2.585
v  11.501 11.389 -7.237
v  0 11.395 6.97742e-16
v  0 0 0
v  2.922 -2.85098e-16 4.656
v  1.46 -1.42426e-16 2.326
v  8.493 -7.07234e-17 1.155
v  14.443 1.58286e-16 -2.585
v  12.787 9.45427e-17 -1.544
v  11.501 4.43138e-16 -7.237
v  12.973 3.00651e-16 -4.91

# 0 UV coordinates

# 24 vertex normals
vn 0.346891 0.758267 0.551994
vn 0.346898 0.758332 0.5519
vn 0.346907 0.758289 0.551954
vn 0.346965 0.75827 0.551944
vn -0.346888 0.75832 -0.551923
vn -0.346916 0.758291 -0.551946
vn -0.847016 9.15182e-05 0.531568
vn -0.847016 0 0.531568
vn -0.847016 0 0.531568
vn -4.45336e-20 -1 -6.12115e-17
vn 0.532088 -0 0.846689
vn 0.532159 -4.90763e-05 0.846644
vn 0.532088 3.78162e-05 0.846689
vn 0.532203 -2.28563e-05 0.846617
vn 0.532172 0 0.846636
vn -5.19767e-20 1 6.11766e-17
vn 0.845169 -0.000131045 -0.534499
vn 0.845169 0 -0.534499
vn -6.20236e-20 1 6.12638e-17
vn -0.532583 0 -0.846378
vn -0.532583 0 -0.846378
vn -1.2299e-23 -1 -6.12323e-17
vn 9.82624e-24 -1 -6.12323e-17
vn -2.37336e-25 -1 -6.12323e-17

# Mesh 'defaultobject' with 28 faces
g defaultobject
usemtl DefaultMaterial
f  1//1 2//1 3//1
f  2//2 1//2 4//2
f  2//3 4//3 5//3
f  5//4 4//4 6//4
f  7//5 2//5 5//5
f  2//6 7//6 8//6
f  8//7 3//7 2//7
f  3//8 8//8 9//8
f  3//8 9//8 10//9
f  10//10 9//10 11//10
f  10//11 1//11 3//11
f  1//12 10//12 4//12
f  4//13 10//13 12//13
f  4//14 12//14 6//14
f  6//15 12//15 13//15
f  13//16 12//16 14//16
f  6//17 7//17 5//17
f  7//18 6//18 13//18
f  7//18 13//18 15//18
f  15//19 13//16 16//19
f  7//20 9//20 8//20
f  9//20 7//20 15//21
f  14//22 16//22 13//22
f  16//22 14//22 15//23
f  15//23 14//22 9//10
f  9//10 14//22 12//24
f  9//10 12//24 11//10
f  11//10 12//24 10//10

