# {"id":"_3013","idOriginal":"_3013","origin":[14.294005920566207,48.30151087975523],"elevation":260.9,"wof":[{"Id":102049853,"Name":"Linz","Placetype":"county","Offset":-1},{"Id":85632785,"Name":"Austria","Placetype":"country","Offset":-1},{"Id":101748071,"Name":"Linz","Placetype":"locality","Offset":-1},{"Id":85681677,"Name":"Oberösterreich","Placetype":"region","Offset":-1},{"Id":85898449,"Name":"Steeg","Placetype":"neighbourhood","Offset":-1}]}

# Attribution: City of Linz <http://geo.data.linz.gv.at/katalog/geodata/3d_geo_daten_lod2/>
# Longitude: 14.294005920566207
# Latitude: 48.30151087975523
# Elevation: 260.9

# File produced by Open Asset Import Library (http://www.assimp.sf.net)
# (assimp v3.1.0)


# 82 vertex positions
v  5.731 10.149 5.809
v  13.056 10.149 8.348
v  11.15 10.149 3.626
v  9.556 10.149 15.247
v  14.961 10.149 13.07
v  5.731 -3.55699e-16 5.809
v  9.556 -9.33609e-16 15.247
v  14.961 -8.00307e-16 13.07
v  11.15 -2.22028e-16 3.626
v  13.056 -5.11168e-16 8.348
v  22.915 12.45 4.377
v  14.961 12.05 13.07
v  24.821 12.05 9.099
v  13.056 12.45 8.348
v  21.01 12.05 -0.345
v  11.15 12.05 3.626
v  24.821 -5.57153e-16 9.099
v  21.01 2.11252e-17 -0.345
v  22.915 -2.68014e-16 4.377
v  1.806 4.71 4.32
v  4.467 4.71 2.935
v  1.669 4.71 3.993
v  4.565 4.71 3.176
v  20.758 4.71 -7.851
v  0 4.71 2.88404e-16
v  19.968 4.71 -2.928
v  22.377 4.71 -3.839
v  10.024 4.71 0.834
v  4.467 -1.79717e-16 2.935
v  22.377 2.35071e-16 -3.839
v  10.024 -5.10678e-17 0.834
v  19.968 1.79288e-16 -2.928
v  20.758 4.80735e-16 -7.851
v  4.565 -1.94474e-16 3.176
v  0 0 0
v  1.806 -2.64524e-16 4.32
v  1.669 -2.44501e-16 3.993
v  24.821 10.149 9.099
v  16.171 10.149 16.07
v  26.031 10.149 12.098
v  16.171 -9.84004e-16 16.07
v  26.031 -7.40789e-16 12.098
v  14.961 9.55 13.07
v  10.771 9.55 18.245
v  16.171 9.55 16.07
v  9.556 9.55 15.247
v  10.771 -1.11718e-15 18.245
v  7.956 5.28 19.379
v  9.468 5.28 18.77
v  7.946 5.28 19.354
v  9.785 5.28 24.009
v  30.282 5.28 15.753
v  10.78 5.28 18.266
v  16.171 5.28 16.07
v  26.031 5.28 12.098
v  28.419 5.28 11.136
v  10.771 5.28 18.245
v  9.785 -1.47013e-15 24.009
v  30.282 -9.64593e-16 15.753
v  28.419 -6.81883e-16 11.136
v  10.78 -1.11847e-15 18.266
v  7.946 -1.18509e-15 19.354
v  9.468 -1.14933e-15 18.77
v  7.956 -1.18662e-15 19.379
v  19.968 8.954 -2.928
v  11.15 8.954 3.626
v  21.01 8.954 -0.345
v  10.024 8.954 0.834
v  10.024 9.22 0.834
v  5.731 9.22 5.809
v  11.15 9.22 3.626
v  4.649 9.22 3.141
v  4.467 9.22 2.935
v  4.565 9.22 3.176
v  4.649 -1.92331e-16 3.141
v  21.01 8.16 -0.345
v  22.377 8.603 -3.839
v  19.968 8.16 -2.928
v  28.419 8.603 11.136
v  22.915 8.16 4.377
v  24.821 8.16 9.099
v  26.031 8.16 12.098

# 0 UV coordinates

# 98 vertex normals
vn -0 1 0
vn -0.926781 0 0.375603
vn 0.373609 -0 0.927586
vn 0.927376 0 -0.374132
vn 0.927307 -9.13255e-05 -0.374301
vn 0.927342 0 -0.374216
vn 0 1 6.12529e-17
vn -0.373662 0 -0.927565
vn -3.55929e-24 -1 -6.12323e-17
vn 0 -1 -6.12323e-17
vn -1.07058e-23 -1 -6.12323e-17
vn 0.0292553 0.996929 0.072641
vn 0.02926 0.996929 0.0726452
vn -0.02926 0.996929 -0.0726452
vn -0.0292553 0.996929 -0.072641
vn -0.927375 0 0.374132
vn -0.92731 7.2115e-05 0.374295
vn -0.927375 -7.69081e-05 0.374132
vn -0.927307 0 0.374301
vn 0.373579 -0 0.927598
vn 0.927307 0 -0.3743
vn 0.927373 7.19742e-05 -0.374137
vn 0.927342 0 -0.374216
vn 4.49847e-20 -1 -6.12692e-17
vn -0.373579 0 -0.927598
vn 0.353649 -0 0.935378
vn 0.353843 -0.000261444 0.935305
vn 0.353718 0.000210851 0.935352
vn 0.353766 0 0.935334
vn 0 1 6.12383e-17
vn -1.44073e-20 -1 -6.12741e-17
vn 0.927341 0 -0.374219
vn 0.926341 0 -0.376686
vn -0.353759 0 -0.935337
vn -0.353759 5.72728e-17 -0.935337
vn -0.922646 -2.36142e-17 0.385649
vn -0.922324 -0.0007651 0.386417
vn -0.922621 0 0.385707
vn -8.28718e-20 1 6.12656e-17
vn 0.383022 -0 0.923739
vn -2.206e-24 -1 -6.12324e-17
vn 0 -1 -6.12323e-17
vn -6.7104e-23 -1 -6.12322e-17
vn 8.28834e-20 -1 -6.12715e-17
vn -0.927407 0 0.374054
vn 0.37366 -0 0.927566
vn 0.927364 0 -0.374162
vn -0.373579 0 -0.927598
vn -9.2377e-24 -1 -6.12324e-17
vn 0 -1 -6.12323e-17
vn -0.926783 0 0.375597
vn 0.373611 -0 0.927585
vn 0.927407 0 -0.374054
vn -0.373609 0 -0.927586
vn -2.80858e-24 -1 -6.12323e-17
vn 0.373621 -0 0.927581
vn 0.927351 0 -0.374194
vn -0.373666 0 -0.927563
vn -0.37366 -0 -0.927566
vn -0.373611 -0 -0.927585
vn -0.358598 0 -0.933492
vn -0.358239 0.000102307 -0.93363
vn -0.358405 -0 -0.933566
vn 7.89151e-20 -1 -6.10352e-17
vn -0.919147 0 0.393914
vn -0.930061 0 0.367404
vn -0.928471 0.004045 0.371382
vn -0.930061 -2.18783e-05 0.367404
vn -0.928478 0 0.371388
vn -3.8496e-24 -1 -6.12323e-17
vn 1.12541e-22 -1 -6.12323e-17
vn -0.927419 0 0.374024
vn 0.373579 -0 0.927598
vn 0.927383 0 -0.374113
vn -0.353843 0 -0.935305
vn 0.384616 -0 0.923077
vn -0.926693 0 0.375818
vn -0.926341 0 0.376686
vn 0.373662 -0 0.927565
vn 0.927419 0 -0.374023
vn -0.353649 0 -0.935378
vn 0 -1 -6.12323e-17
vn -0.157243 0.985521 0.0634328
vn -0.15723 0.985522 0.063438
vn -0.157204 0.985528 0.0634209
vn -0.157282 0.985511 0.0634857
vn -0.157263 0.985516 0.0634506
vn -0.927383 0 0.374113
vn -0.927375 -7.06953e-06 0.374132
vn -0.927307 -0.000182417 0.3743
vn -0.927364 5.52575e-05 0.374162
vn -0.927353 0 0.374188
vn -2.32751e-19 1 6.12136e-17
vn 8.08611e-20 1 6.12119e-17
vn 0.373666 0 0.927563
vn 0.927362 0 -0.374165
vn -0.353718 0 -0.935352
vn -0.353718 -0 -0.935352

# Mesh 'defaultobject' with 184 faces
g defaultobject
usemtl DefaultMaterial
f  1//1 2//1 3//1
f  2//1 1//1 4//1
f  2//1 4//1 5//1
f  6//2 4//2 1//2
f  4//2 6//2 7//2
f  7//3 5//3 4//3
f  5//3 7//3 8//3
f  8//4 2//4 5//4
f  2//5 8//5 3//5
f  3//6 8//6 9//6
f  9//7 8//7 10//7
f  9//8 1//8 3//8
f  1//8 9//8 6//8
f  9//9 7//9 6//9
f  7//9 9//9 10//10
f  7//9 10//10 8//11
f  11//12 12//12 13//12
f  12//12 11//12 14//13
f  15//14 14//14 11//14
f  14//14 15//14 16//15
f  14//16 8//16 12//16
f  8//17 14//17 16//17
f  8//18 16//18 10//18
f  10//19 16//19 9//19
f  8//20 13//20 12//20
f  13//20 8//20 17//20
f  17//21 11//21 13//21
f  11//22 17//22 15//22
f  15//23 17//23 18//23
f  18//24 17//24 19//24
f  18//25 16//25 15//25
f  16//25 18//25 9//25
f  10//10 17//24 8//11
f  17//24 10//10 9//9
f  17//24 9//9 19//24
f  19//24 9//9 18//24
f  20//1 21//1 22//1
f  21//1 20//1 23//1
f  22//1 24//1 25//1
f  24//1 22//1 26//1
f  24//1 26//1 27//1
f  26//1 22//1 21//1
f  26//1 21//1 28//1
f  29//26 28//26 21//26
f  28//27 29//27 26//27
f  26//28 29//28 27//28
f  27//29 29//29 30//29
f  30//30 29//30 31//30
f  30//31 31//31 32//31
f  30//32 24//32 27//32
f  24//32 30//32 33//32
f  34//33 21//33 23//33
f  21//33 34//33 29//33
f  33//34 25//34 24//34
f  25//34 33//34 35//35
f  35//36 22//36 25//36
f  22//37 35//37 20//37
f  20//38 35//38 36//38
f  36//39 35//39 37//39
f  36//40 23//40 20//40
f  23//40 36//40 34//40
f  30//31 35//41 33//41
f  35//41 30//31 32//31
f  35//41 32//31 31//31
f  35//41 31//31 29//42
f  35//41 29//42 34//43
f  35//41 34//43 36//10
f  35//41 36//10 37//44
f  38//1 39//1 40//1
f  39//1 38//1 5//1
f  8//45 39//45 5//45
f  39//45 8//45 41//45
f  41//46 40//46 39//46
f  40//46 41//46 42//46
f  42//47 38//47 40//47
f  38//47 42//47 17//47
f  17//48 5//48 38//48
f  5//48 17//48 8//48
f  17//24 41//49 8//11
f  41//49 17//24 42//50
f  43//1 44//1 45//1
f  44//1 43//1 46//1
f  7//2 44//51 46//51
f  44//51 7//2 47//51
f  47//52 45//52 44//52
f  45//52 47//52 41//52
f  41//53 43//53 45//53
f  43//53 41//53 8//53
f  8//54 46//54 43//54
f  46//54 8//54 7//54
f  8//11 47//55 7//9
f  47//55 8//11 41//49
f  48//1 49//1 50//1
f  49//1 48//1 51//1
f  49//1 51//1 52//1
f  49//1 52//1 53//1
f  53//1 52//1 54//1
f  54//1 52//1 55//1
f  55//1 52//1 56//1
f  54//1 57//1 53//1
f  58//56 52//56 51//56
f  52//56 58//56 59//56
f  59//57 56//57 52//57
f  56//57 59//57 60//57
f  60//58 55//58 56//58
f  55//58 60//58 42//58
f  55//58 42//58 54//59
f  54//59 42//58 41//59
f  54//60 41//60 57//60
f  57//60 41//60 47//60
f  61//61 49//61 53//61
f  49//62 61//62 50//62
f  50//63 61//63 62//63
f  62//64 61//64 63//64
f  47//65 53//65 57//65
f  53//65 47//65 61//65
f  48//66 58//66 51//66
f  58//67 48//67 50//67
f  58//68 50//68 64//68
f  64//69 50//69 62//69
f  58//70 60//70 59//70
f  60//70 58//70 42//50
f  42//50 58//70 41//49
f  41//49 58//70 61//64
f  61//64 58//70 63//64
f  63//64 58//70 64//71
f  63//64 64//71 62//64
f  47//55 41//49 61//64
f  65//1 66//1 67//1
f  66//1 65//1 68//1
f  31//72 66//72 68//72
f  66//72 31//72 9//72
f  9//73 67//73 66//73
f  67//73 9//73 18//73
f  18//74 65//74 67//74
f  65//74 18//74 32//74
f  32//75 68//75 65//75
f  68//75 32//75 31//75
f  32//31 9//9 31//31
f  9//9 32//31 18//24
f  69//1 70//1 71//1
f  70//1 69//1 72//1
f  72//1 69//1 73//1
f  72//1 73//1 74//1
f  34//76 72//76 74//76
f  72//76 34//76 75//76
f  75//77 70//77 72//77
f  70//77 75//77 6//77
f  29//78 74//78 73//78
f  74//78 29//78 34//78
f  6//79 71//79 70//79
f  71//79 6//79 9//79
f  9//80 69//80 71//80
f  69//80 9//80 31//80
f  31//81 73//81 69//81
f  73//81 31//81 29//81
f  6//9 31//31 9//9
f  31//31 6//9 75//82
f  31//31 75//82 29//42
f  29//42 75//82 34//43
f  76//83 77//83 78//83
f  77//84 76//84 79//84
f  79//85 76//85 80//85
f  79//86 80//86 81//86
f  79//87 81//87 82//87
f  32//88 76//88 78//88
f  76//89 32//89 80//89
f  80//90 32//90 81//90
f  81//91 32//91 82//91
f  82//92 32//92 42//92
f  42//93 32//93 18//93
f  42//93 18//93 19//94
f  42//50 19//24 17//24
f  82//95 60//95 79//95
f  60//95 82//95 42//46
f  60//96 77//96 79//96
f  77//96 60//96 30//96
f  30//97 78//97 77//97
f  78//97 30//97 32//98
f  42//50 30//31 60//70
f  30//31 42//50 17//24
f  30//31 17//24 19//24
f  30//31 19//24 18//24
f  30//31 18//24 32//31

