# File produced by Open Asset Import Library (http://www.assimp.sf.net)
# (assimp v3.1.0)

mtllib ID_17809.obj.mtl

# 22 vertex positions
v  4.807 7.31 -7.317
v  11.029 8.402 2.068
v  13.346 7.31 -1.707
v  2.376 8.402 -3.617
v  0 7.335 4.49139e-16
v  8.764 7.335 5.758
v  8.764 -3.52576e-16 5.758
v  13.346 1.04524e-16 -1.707
v  11.029 -1.26628e-16 2.068
v  4.807 4.48037e-16 -7.317
v  0 0 0
v  2.376 2.21477e-16 -3.617
v  13.346 6.893 -1.707
v  5.217 6.893 -7.941
v  4.807 6.893 -7.317
v  8.299 6.893 -13.098
v  14.142 6.893 -3.003
v  16.998 6.893 -7.433
v  14.142 1.83881e-16 -3.003
v  16.998 4.5514e-16 -7.433
v  8.299 8.02021e-16 -13.098
v  5.217 4.86246e-16 -7.941

# 0 UV coordinates

# 27 vertex normals
vn 0.131494 0.970902 -0.200147
vn 0.131498 0.970901 -0.20015
vn -0.131447 0.970924 0.200072
vn -0.131446 0.970925 0.200068
vn 0.852252 -0 0.523131
vn 0.852268 -1.5484e-05 0.523105
vn 0.852261 0 0.523116
vn 1.63268e-19 1 6.12255e-17
vn 0.549086 0 -0.835766
vn -0.83575 0 -0.54911
vn -0.835794 -4.20613e-05 -0.549044
vn -0.835774 3.3621e-17 -0.549073
vn -1.22406e-19 1 6.10806e-17
vn -0.549098 -5.11754e-17 0.835758
vn -0.549098 0 0.835758
vn -4.68149e-24 -1 -6.12323e-17
vn 0 -1 -6.12323e-17
vn 0 -1 -6.12323e-17
vn 1.83812e-19 -1 -6.10868e-17
vn 0 1 0
vn 0.852109 -0 0.523364
vn 0.840475 -0 0.54185
vn 0.545709 0 -0.837975
vn -0.858388 0 -0.513002
vn -0.835741 0 -0.549124
vn -0.549086 0 0.835766
vn -1.16104e-23 -1 -6.12323e-17

# Mesh 'defaultobject' with 40 faces
g defaultobject
usemtl DefaultMaterial
f  1//1 2//1 3//1
f  2//1 1//1 4//2
f  5//3 2//3 4//3
f  2//3 5//3 6//4
f  7//5 2//5 6//5
f  2//6 7//6 3//6
f  3//7 7//7 8//7
f  8//8 7//8 9//8
f  8//9 1//9 3//9
f  1//9 8//9 10//9
f  10//10 4//10 1//10
f  4//11 10//11 5//11
f  5//12 10//12 11//12
f  11//13 10//13 12//13
f  11//14 6//14 5//14
f  6//14 11//14 7//15
f  9//16 10//16 8//16
f  10//16 9//16 7//17
f  10//16 7//17 11//18
f  10//16 11//18 12//19
f  13//20 14//20 15//20
f  14//20 13//20 16//20
f  16//20 13//20 17//20
f  16//20 17//20 18//20
f  8//21 17//21 13//21
f  17//21 8//21 19//21
f  19//22 18//22 17//22
f  18//22 19//22 20//22
f  20//23 16//23 18//23
f  16//23 20//23 21//23
f  21//24 14//24 16//24
f  14//24 21//24 22//24
f  22//25 15//25 14//25
f  15//25 22//25 10//25
f  10//26 13//26 15//26
f  13//26 10//26 8//26
f  19//27 21//27 20//27
f  21//27 19//27 8//16
f  21//27 8//16 22//17
f  22//17 8//16 10//16

