# File produced by Open Asset Import Library (http://www.assimp.sf.net)
# (assimp v3.1.0)

mtllib ID_15706.obj.mtl

# 32 vertex positions
v  0 4.825 2.95446e-16
v  11.28 4.825 -2.5
v  11.221 4.825 -2.741
v  12.371 4.825 1.968
v  8.24 4.825 3.865
v  1.356 4.825 5.547
v  0.079 4.825 0.324
v  14.947 4.825 2.33
v  14.718 4.825 1.394
v  8.264 4.825 3.962
v  8.24 -2.36663e-16 3.865
v  8.264 -2.42603e-16 3.962
v  0 0 0
v  1.356 -3.39656e-16 5.547
v  0.079 -1.98393e-17 0.324
v  14.947 -1.42671e-16 2.33
v  14.718 -8.53579e-17 1.394
v  12.371 -1.20505e-16 1.968
v  11.221 1.67838e-16 -2.741
v  11.28 1.53081e-16 -2.5
v  15.506 4.405 4.62
v  12.146 4.405 19.852
v  18.829 4.405 18.219
v  8.823 4.405 6.253
v  8.823 -3.82886e-16 6.253
v  12.146 -1.21558e-15 19.852
v  18.829 -1.11559e-15 18.219
v  15.506 -2.82893e-16 4.62
v  8.264 4.807 3.962
v  15.506 4.807 4.62
v  14.947 4.807 2.33
v  8.823 4.807 6.253

# 0 UV coordinates

# 32 vertex normals
vn 0 1 0
vn -0.970728 0 0.240182
vn -0.971537 -1.45052e-17 0.236887
vn -0.971388 -4.35939e-05 0.2375
vn -0.971396 0 0.237464
vn -9.36502e-20 1 6.12706e-17
vn 0.237231 -0 0.971453
vn 0.237352 -0 0.971424
vn 0.971351 0 -0.237649
vn 0.971458 0 -0.237212
vn 0.971316 -0.00056883 -0.237791
vn 0.971451 0 -0.237241
vn 1.9435e-20 1 6.1225e-17
vn -0.237566 0 -0.971371
vn -0.237297 0 -0.971437
vn -0.237297 5.94834e-17 -0.971437
vn 3.99302e-24 -1 -6.12323e-17
vn 0 -1 -6.12323e-17
vn 5.15841e-24 -1 -6.12323e-17
vn -4.73053e-22 -1 -6.12325e-17
vn -2.98574e-23 -1 -6.12324e-17
vn -1.17023e-20 -1 -6.12292e-17
vn -0.971419 0 0.237372
vn 0.237368 -0 0.97142
vn 0.971419 0 -0.237372
vn -0.237368 0 -0.97142
vn -1.09937e-24 -1 -6.12323e-17
vn -5.49687e-24 -1 -6.12323e-17
vn 0.237368 -0 0.97142
vn 0.971475 0 -0.237141
vn -0.237231 0 -0.971453
vn -0.971499 0 0.237044

# Mesh 'defaultobject' with 60 faces
g defaultobject
usemtl DefaultMaterial
f  1//1 2//1 3//1
f  2//1 1//1 4//1
f  4//1 1//1 5//1
f  5//1 1//1 6//1
f  6//1 1//1 7//1
f  4//1 8//1 9//1
f  8//1 4//1 10//1
f  10//1 4//1 5//1
f  11//2 10//2 5//2
f  10//2 11//2 12//2
f  13//3 7//3 1//3
f  7//4 13//4 6//4
f  6//5 13//5 14//5
f  14//6 13//6 15//6
f  12//7 8//7 10//7
f  8//7 12//7 16//7
f  14//8 5//8 6//8
f  5//8 14//8 11//8
f  16//9 9//9 8//9
f  9//9 16//9 17//9
f  18//10 2//10 4//10
f  2//11 18//11 3//11
f  3//12 18//12 19//12
f  19//13 18//13 20//13
f  17//14 4//14 9//14
f  4//14 17//14 18//14
f  19//15 1//15 3//15
f  1//15 19//15 13//16
f  12//17 17//17 16//17
f  17//17 12//17 18//18
f  18//18 12//17 20//19
f  20//19 12//17 11//20
f  20//19 11//20 19//21
f  19//21 11//20 14//18
f  19//21 14//18 13//18
f  13//18 14//18 15//22
f  21//1 22//1 23//1
f  22//1 21//1 24//1
f  25//23 22//23 24//23
f  22//23 25//23 26//23
f  26//24 23//24 22//24
f  23//24 26//24 27//24
f  27//25 21//25 23//25
f  21//25 27//25 28//25
f  28//26 24//26 21//26
f  24//26 28//26 25//26
f  28//27 26//27 25//27
f  26//27 28//27 27//28
f  29//1 30//1 31//1
f  30//1 29//1 32//1
f  25//29 30//29 32//29
f  30//29 25//29 28//29
f  28//30 31//30 30//30
f  31//30 28//30 16//30
f  16//31 29//31 31//31
f  29//31 16//31 12//31
f  12//32 32//32 29//32
f  32//32 12//32 25//32
f  12//17 28//27 25//27
f  28//27 12//17 16//17

