# {"id":"ID_5608","idOriginal":"ID_5608","origin":[14.341315225057091,48.247527728148164],"elevation":274.85,"wof":[{"Id":102049853,"Name":"Linz","Placetype":"county","Offset":-1},{"Id":85632785,"Name":"Austria","Placetype":"country","Offset":-1},{"Id":85681677,"Name":"Oberösterreich","Placetype":"region","Offset":-1},{"Id":85898451,"Name":"Ufer","Placetype":"neighbourhood","Offset":-1},{"Id":101748071,"Name":"Linz","Placetype":"locality","Offset":-1}]}

# Attribution: City of Linz <http://geo.data.linz.gv.at/katalog/geodata/3d_geo_daten_lod2/>
# Longitude: 14.341315225057091
# Latitude: 48.247527728148164
# Elevation: 274.85

# File produced by Open Asset Import Library (http://www.assimp.sf.net)
# (assimp v3.1.0)


# 40 vertex positions
v  15.521 20.43 -1.402
v  17.661 20.784 -2.698
v  17.597 20.784 -2.794
v  21.456 20.976 0.524
v  18.789 20.976 -3.454
v  18.251 20.43 2.672
v  15.521 8.58477e-17 -1.402
v  18.251 -1.63613e-16 2.672
v  21.456 -3.20857e-17 0.524
v  18.789 2.11496e-16 -3.454
v  17.661 1.65205e-16 -2.698
v  17.597 1.71083e-16 -2.794
v  3.146 19.95 -2.108
v  17.597 19.413 -2.794
v  13.437 19.413 -9.003
v  15.521 19.522 -1.402
v  7.308 19.95 4.101
v  7.308 -2.51114e-16 4.101
v  13.437 5.51275e-16 -9.003
v  3.146 1.29078e-16 -2.108
v  14.284 19.95 14.512
v  18.251 19.522 2.672
v  10.038 19.95 8.175
v  24.649 19.409 7.567
v  20.409 19.409 1.24
v  24.649 -4.63345e-16 7.567
v  20.409 -7.59281e-17 1.24
v  21.456 19.354 0.524
v  14.284 -8.88604e-16 14.512
v  10.038 -5.00574e-16 8.175
v  14.284 4.75 14.512
v  0 4.75 2.90854e-16
v  11.138 4.75 16.62
v  10.038 4.75 8.175
v  7.308 4.75 4.101
v  3.146 4.75 -2.108
v  0 0 0
v  11.138 -1.01768e-15 16.62
v  15.521 19.45 -1.402
v  18.251 19.45 2.672

# 0 UV coordinates

# 60 vertex normals
vn -0.116679 0.990119 0.0777846
vn -0.116285 0.990151 0.0779618
vn -0.116451 0.990116 0.0781599
vn -0.116402 0.990135 0.078001
vn -0.83073 0 0.556675
vn 0.556732 0 0.830692
vn 0.830602 0 -0.556867
vn 0.832054 0 -0.554694
vn -0.556738 0 -0.830688
vn -0.556738 -0 -0.830688
vn -0.556914 0 -0.83057
vn -0.556914 -0 -0.83057
vn -4.31885e-24 -1 -6.12323e-17
vn 0 -1 -6.12323e-17
vn 2.86498e-24 -1 -6.12323e-17
vn 0 -1 -6.12323e-17
vn 0.0359809 0.999062 -0.024107
vn 0.0359568 0.99905 -0.0246044
vn 0.0359275 0.999064 -0.0240829
vn 0.556636 -0 0.830756
vn 0.556908 -0.00016579 0.830574
vn 0.556692 0 0.830719
vn -1.28053e-20 1 6.12159e-17
vn 0.830772 0 -0.556613
vn -0.556618 0 -0.830769
vn -0.830648 0 0.556798
vn -5.66786e-24 -1 -6.12323e-17
vn 5.73131e-24 -1 -6.12323e-17
vn 0 -1 -6.12323e-17
vn 0.0359323 0.999064 -0.0240758
vn 0.0360379 0.999061 -0.0240403
vn 0.0362105 0.99905 -0.0242662
vn 0.830715 0 -0.556698
vn 0.564486 -0 0.825442
vn 0.556641 -0 0.830753
vn -0.556732 0 -0.830692
vn -0.556635 2.30361e-05 -0.830757
vn -0.556663 -0 -0.830738
vn 0 -1 -6.12305e-17
vn -0.830757 0 0.556635
vn 4.45684e-24 -1 -6.12323e-17
vn 0 1 0
vn 0.830757 0 -0.556635
vn 0.83073 -7.74581e-05 -0.556675
vn 0.830648 -0.000467574 -0.556798
vn 0.83071 0 -0.556706
vn 6.51922e-20 1 6.11829e-17
vn -0.556649 0 -0.830748
vn -0.556649 5.08686e-17 -0.830748
vn -0.83071 -3.40884e-17 0.556706
vn -0.83071 0 0.556706
vn 0.556649 -0 0.830748
vn 0 -1 -6.12323e-17
vn 0.0419611 0.998723 -0.0281183
vn 0.0419611 0.998723 -0.0281183
vn -0.83073 0 0.556675
vn 0.556636 0 0.830756
vn 0.83073 0 -0.556675
vn -0.556636 0 -0.830756
vn -0.556636 0 -0.830756

# Mesh 'defaultobject' with 87 faces
g defaultobject
usemtl DefaultMaterial
f  1//1 2//1 3//1
f  2//2 4//2 5//2
f  4//3 2//3 1//3
f  4//4 1//4 6//4
f  7//5 6//5 1//5
f  6//5 7//5 8//5
f  6//6 9//6 4//6
f  9//6 6//6 8//6
f  9//7 5//7 4//7
f  5//7 9//7 10//7
f  11//8 3//8 2//8
f  3//8 11//8 12//8
f  10//9 2//9 5//9
f  2//9 10//9 11//10
f  12//11 1//11 3//11
f  1//11 12//11 7//12
f  12//13 8//13 7//13
f  8//13 12//13 11//14
f  8//13 11//14 9//15
f  9//15 11//14 10//16
f  13//17 14//17 15//17
f  14//18 13//18 16//18
f  16//19 13//19 17//19
f  18//20 16//20 17//20
f  16//21 18//21 14//21
f  14//22 18//22 12//22
f  12//23 18//23 7//23
f  12//24 15//24 14//24
f  15//24 12//24 19//24
f  15//25 20//25 13//25
f  20//25 15//25 19//25
f  20//26 17//26 13//26
f  17//26 20//26 18//26
f  7//13 19//27 12//13
f  19//27 7//13 18//28
f  19//27 18//28 20//29
f  21//30 22//30 23//30
f  22//31 21//31 24//31
f  22//32 24//32 25//32
f  26//33 25//33 24//33
f  25//33 26//33 27//33
f  27//34 28//34 25//34
f  28//34 27//34 9//34
f  29//35 24//35 21//35
f  24//35 29//35 26//35
f  9//36 22//36 28//36
f  22//37 9//37 23//37
f  23//38 9//38 30//38
f  30//39 9//15 8//13
f  30//40 21//40 23//40
f  21//40 30//40 29//40
f  29//41 27//41 26//41
f  27//41 29//41 8//13
f  8//13 29//41 30//39
f  8//13 9//15 27//41
f  31//42 32//42 33//42
f  32//42 31//42 34//42
f  32//42 34//42 35//42
f  32//42 35//42 36//42
f  29//43 34//43 31//43
f  34//44 29//44 35//44
f  35//45 29//45 36//45
f  36//46 29//46 20//46
f  20//47 29//47 30//47
f  20//47 30//47 18//23
f  20//48 32//48 36//48
f  32//48 20//48 37//49
f  37//50 33//50 32//50
f  33//50 37//50 38//51
f  38//52 31//52 33//52
f  31//52 38//52 29//35
f  18//28 37//14 20//29
f  37//14 18//28 38//53
f  38//53 18//28 30//39
f  38//53 30//39 29//41
f  39//54 23//54 40//54
f  23//54 39//54 17//55
f  18//56 23//56 17//56
f  23//56 18//56 30//56
f  30//20 40//20 23//20
f  40//20 30//20 8//57
f  8//58 39//58 40//58
f  39//58 8//58 7//58
f  39//59 18//59 17//59
f  18//59 39//59 7//60
f  7//13 30//39 18//28
f  30//39 7//13 8//13

