# {"id":"ID_13266","idOriginal":"ID_13266","origin":[14.2932526583754,48.320017377793285],"elevation":258.921,"wof":[{"Id":102049853,"Name":"Linz","Placetype":"county","Offset":-1},{"Id":101748071,"Name":"Linz","Placetype":"locality","Offset":-1},{"Id":85632785,"Name":"Austria","Placetype":"country","Offset":-1},{"Id":85681677,"Name":"Oberösterreich","Placetype":"region","Offset":-1},{"Id":85898449,"Name":"Steeg","Placetype":"neighbourhood","Offset":-1}]}

# Attribution: City of Linz <http://geo.data.linz.gv.at/katalog/geodata/3d_geo_daten_lod2/>
# Longitude: 14.2932526583754
# Latitude: 48.320017377793285
# Elevation: 258.921

# File produced by Open Asset Import Library (http://www.assimp.sf.net)
# (assimp v3.1.0)


# 16 vertex positions
v  14.72 16.823 -12.664
v  10.133 11.045 4.653
v  19.354 11.046 -9.677
v  4.643 16.823 2.994
v  9.277 11.046 5.981
v  10.1 11.063 -15.643
v  1.396 11.043 -2.153
v  0 11.034 6.75638e-16
v  0 0 0
v  9.277 -3.66231e-16 5.981
v  4.643 -1.8333e-16 2.994
v  19.354 5.92545e-16 -9.677
v  10.133 -2.84914e-16 4.653
v  10.1 9.57857e-16 -15.643
v  14.72 7.75446e-16 -12.664
v  1.396 1.31833e-16 -2.153

# 0 UV coordinates

# 24 vertex normals
vn 0.608338 0.690401 0.391499
vn 0.608325 0.690412 0.391499
vn 0.608291 0.690401 0.391572
vn -0.608328 0.690409 -0.391501
vn -0.608359 0.690381 -0.391501
vn -0.608316 0.690395 -0.391545
vn -0.541861 -8.70426e-05 0.840468
vn -0.541861 0 0.840468
vn 0 1 6.12281e-17
vn 0.84052 -0 0.541781
vn 0.840942 -0.000111532 0.541125
vn 0.840906 0 0.541181
vn -8.06848e-20 1 6.11591e-17
vn 0.54185 7.47461e-05 -0.840475
vn 0.54185 0 -0.840475
vn 0.54185 0 -0.840475
vn -6.69078e-20 -1 -6.1176e-17
vn -0.840275 0 -0.542161
vn -0.840275 -0 -0.542161
vn -0.839057 -0 -0.544043
vn -0.839057 3.3313e-17 -0.544043
vn 0 -1 -6.12323e-17
vn 0 -1 -6.12323e-17
vn 1.65018e-23 -1 -6.12323e-17

# Mesh 'defaultobject' with 28 faces
g defaultobject
usemtl DefaultMaterial
f  1//1 2//1 3//1
f  2//2 1//2 4//2
f  2//3 4//3 5//3
f  6//4 4//4 1//4
f  4//5 6//5 7//5
f  4//6 7//6 8//6
f  8//7 5//7 4//7
f  5//8 8//8 9//8
f  5//8 9//8 10//8
f  10//9 9//9 11//9
f  10//10 2//10 5//10
f  2//11 10//11 3//11
f  3//12 10//12 12//12
f  12//13 10//9 13//13
f  3//14 6//14 1//14
f  6//15 3//15 12//15
f  6//15 12//15 14//16
f  14//17 12//17 15//17
f  14//18 7//18 6//18
f  7//18 14//18 16//19
f  7//20 16//20 8//20
f  8//20 16//20 9//21
f  13//22 15//17 12//17
f  15//17 13//22 10//23
f  15//17 10//23 11//24
f  15//17 11//24 14//17
f  14//17 11//24 16//22
f  16//22 11//24 9//22

