# {"id":"ID_20661","idOriginal":"ID_20661","origin":[14.306600385270475,48.25335211091071],"elevation":260.429,"wof":[{"Id":102049853,"Name":"Linz","Placetype":"county","Offset":-1},{"Id":85681677,"Name":"Oberösterreich","Placetype":"region","Offset":-1},{"Id":85898447,"Name":"Scharlinz","Placetype":"neighbourhood","Offset":-1},{"Id":101748071,"Name":"Linz","Placetype":"locality","Offset":-1},{"Id":85632785,"Name":"Austria","Placetype":"country","Offset":-1}]}

# Attribution: City of Linz <http://geo.data.linz.gv.at/katalog/geodata/3d_geo_daten_lod2/>
# Longitude: 14.306600385270475
# Latitude: 48.25335211091071
# Elevation: 260.429

# File produced by Open Asset Import Library (http://www.assimp.sf.net)
# (assimp v3.1.0)


# 23 vertex positions
v  14.025 9.064 -0.385
v  14.189 9.157 8.908
v  14.375 9.064 8.901
v  9.392 11.462 4.46
v  13.88 9.136 -0.38
v  0 9.064 5.5501e-16
v  6.993 9.136 -0.12
v  6.988 9.064 -0.264
v  0.182 11.462 4.808
v  7.291 9.064 9.355
v  0.363 9.064 9.616
v  7.284 9.157 9.168
v  6.988 1.61653e-17 -0.264
v  0 0 0
v  14.025 2.35745e-17 -0.385
v  6.993 7.34788e-18 -0.12
v  13.88 2.32683e-17 -0.38
v  0.363 -5.8881e-16 9.616
v  0.182 -2.94405e-16 4.808
v  7.291 -5.72829e-16 9.355
v  7.284 -5.61378e-16 9.168
v  14.375 -5.45029e-16 8.901
v  14.189 -5.45458e-16 8.908

# 0 UV coordinates

# 34 vertex normals
vn 0.446641 0.894555 -0.0168344
vn 0.445672 0.895038 -0.0168222
vn 0.444147 0.89576 -0.018638
vn -0.0168751 0.894535 -0.446679
vn -0.0168635 0.895018 -0.445711
vn -0.0168425 0.895001 -0.445746
vn -0.0168272 0.895011 -0.445727
vn 0.0167929 0.895 0.445751
vn 0.0176373 0.895507 0.444698
vn 0.0168419 0.895009 0.44573
vn 0.0167827 0.89502 0.445709
vn -0.0377521 0 -0.999287
vn -0.0377521 6.11887e-17 -0.999287
vn -0.0377246 -0.00657948 -0.999267
vn -0.0376581 0 -0.999291
vn -1.26678e-22 1 6.12309e-17
vn -0.999284 -2.3162e-18 0.0378265
vn -0.999291 7.20972e-05 0.0376549
vn -0.999288 0 0.0377227
vn 0 -1 -6.12327e-17
vn 0.0376466 -0 0.999291
vn 0.0376272 -0 0.999292
vn 0.037613 1.0744e-05 0.999292
vn 0.0376267 0 0.999292
vn 2.98304e-19 -1 -5.33133e-17
vn 0.9993 0 -0.0374069
vn 0.99929 0 -0.0376644
vn 0.999398 0 -0.0347021
vn 0.999398 0 -0.0347021
vn -2.10404e-23 -1 -6.12326e-17
vn -3.28753e-24 -1 -6.12323e-17
vn 0 -1 -6.12323e-17
vn 1.45384e-22 -1 -6.12323e-17
vn -2.44823e-24 -1 -6.12323e-17

# Mesh 'defaultobject' with 42 faces
g defaultobject
usemtl DefaultMaterial
f  1//1 2//1 3//1
f  2//2 1//2 4//2
f  4//3 1//3 5//3
f  6//4 7//4 8//4
f  7//5 6//5 4//5
f  4//6 6//6 9//6
f  4//7 5//7 7//7
f  10//8 9//8 11//8
f  9//9 10//9 12//9
f  9//10 12//10 4//10
f  4//11 12//11 2//11
f  13//12 6//12 8//12
f  6//12 13//12 14//13
f  1//14 7//14 5//14
f  7//15 1//15 15//15
f  7//15 15//15 16//15
f  16//16 15//16 17//16
f  14//17 9//17 6//17
f  9//18 14//18 11//18
f  11//19 14//19 18//19
f  18//20 14//20 19//20
f  18//21 10//21 11//21
f  10//21 18//21 20//21
f  21//22 2//22 12//22
f  2//23 21//23 3//23
f  3//24 21//22 22//24
f  22//25 21//25 23//25
f  10//26 21//26 12//26
f  21//26 10//26 20//26
f  22//27 1//27 3//27
f  1//27 22//27 15//27
f  16//28 8//28 7//28
f  8//28 16//28 13//29
f  18//20 21//25 20//30
f  21//25 18//20 16//31
f  16//31 18//20 13//32
f  13//32 18//20 19//20
f  13//32 19//20 14//20
f  23//25 15//33 22//25
f  15//33 23//25 21//25
f  15//33 21//25 17//34
f  17//34 21//25 16//31

