# {"id":"ID_56094","idOriginal":"ID_56094","origin":[14.326675098060843,48.239400191330894],"elevation":259.774,"wof":[{"Id":85898451,"Name":"Ufer","Placetype":"neighbourhood","Offset":-1},{"Id":102049853,"Name":"Linz","Placetype":"county","Offset":-1},{"Id":85681677,"Name":"Oberösterreich","Placetype":"region","Offset":-1},{"Id":101748071,"Name":"Linz","Placetype":"locality","Offset":-1},{"Id":85632785,"Name":"Austria","Placetype":"country","Offset":-1}]}

# Attribution: City of Linz <http://geo.data.linz.gv.at/katalog/geodata/3d_geo_daten_lod2/>
# Longitude: 14.326675098060843
# Latitude: 48.239400191330894
# Elevation: 259.774

# File produced by Open Asset Import Library (http://www.assimp.sf.net)
# (assimp v3.1.0)


# 10 vertex positions
v  1.068 2.315 2.314
v  1.23 2.315 -0.568
v  0 2.315 1.41753e-16
v  2.304 2.315 -1.064
v  3.372 2.315 1.251
v  3.372 -7.66017e-17 1.251
v  2.304 6.51512e-17 -1.064
v  0 0 0
v  1.23 3.478e-17 -0.568
v  1.068 -1.41692e-16 2.314

# 0 UV coordinates

# 10 vertex normals
vn 0 1 0
vn 0.908028 0 -0.418909
vn -0.419273 0 -0.90786
vn -0.419245 1.53174e-05 -0.907873
vn -0.419258 5.55908e-17 -0.907867
vn 0 -1 -6.12964e-17
vn -0.907959 -2.56599e-17 0.419058
vn -0.907959 0 0.419058
vn 0.418933 -0 0.908017
vn -4.09176e-24 -1 -6.12323e-17

# Mesh 'defaultobject' with 16 faces
g defaultobject
usemtl DefaultMaterial
f  1//1 2//1 3//1
f  2//1 1//1 4//1
f  4//1 1//1 5//1
f  6//2 4//2 5//2
f  4//2 6//2 7//2
f  7//3 2//3 4//3
f  2//4 7//4 3//4
f  3//5 7//5 8//5
f  8//6 7//6 9//6
f  8//7 1//7 3//7
f  1//7 8//7 10//8
f  10//9 5//9 1//9
f  5//9 10//9 6//9
f  10//10 7//6 6//10
f  7//6 10//10 9//6
f  9//6 10//10 8//6

