# {"id":"ID_5346","idOriginal":"ID_5346","origin":[14.35612447654158,48.26000520964913],"elevation":252.033}
# Longitude: 14.35612447654158
# Latitude: 48.26000520964913
# Elevation: 252.033

# File produced by Open Asset Import Library (http://www.assimp.sf.net)
# (assimp v3.1.0)

mtllib ID_5346.obj.mtl

# 18 vertex positions
v  1.026 12.536 -5.291
v  2.249 12.536 -10.159
v  1.981 12.536 -10.211
v  14.427 12.536 -7.817
v  0 12.536 7.67609e-16
v  12.443 12.536 2.413
v  14.427 4.78653e-16 -7.817
v  2.249 6.22059e-16 -10.159
v  1.981 6.25243e-16 -10.211
v  0 0 0
v  1.026 3.2398e-16 -5.291
v  12.443 -1.47754e-16 2.413
v  14.427 9.628 -7.817
v  32.139 9.628 6.233
v  34.129 9.628 -4.027
v  12.443 9.628 2.413
v  32.139 -3.81661e-16 6.233
v  34.129 2.46583e-16 -4.027

# 0 UV coordinates

# 21 vertex normals
vn 0 1 0
vn 0.188853 0 -0.982005
vn 0.190477 0.00163637 -0.98169
vn 0.188853 -3.60229e-05 -0.982005
vn 0.190478 0 -0.981692
vn -0.981678 0 -0.190549
vn -0.981713 -7.37662e-05 -0.190368
vn -0.981696 1.1662e-17 -0.190455
vn 4.24966e-20 1 6.12482e-17
vn -0.190378 -6.01125e-17 0.981711
vn -0.190378 0 0.981711
vn 0.981708 -0 0.190392
vn 1.23332e-22 -1 -6.12323e-17
vn -8.51847e-25 -1 -6.12323e-17
vn -1.54991e-24 -1 -6.12323e-17
vn 0 -1 -6.12323e-17
vn -0.1904 0 0.981707
vn 0.981705 -0 0.190409
vn 0.188903 0 -0.981996
vn -0.981708 0 -0.190392
vn -2.0198e-24 -1 -6.12323e-17

# Mesh 'defaultobject' with 32 faces
g defaultobject
usemtl DefaultMaterial
f  1//1 2//1 3//1
f  2//1 1//1 4//1
f  4//1 1//1 5//1
f  4//1 5//1 6//1
f  7//2 2//2 4//2
f  2//3 7//3 3//3
f  3//4 7//4 8//4
f  3//5 8//5 9//5
f  9//6 1//6 3//6
f  1//7 9//7 5//7
f  5//8 9//8 10//8
f  10//9 9//9 11//9
f  10//10 6//10 5//10
f  6//10 10//10 12//11
f  12//12 4//12 6//12
f  4//12 12//12 7//12
f  8//13 11//13 9//13
f  11//13 8//13 7//14
f  11//13 7//14 10//15
f  10//15 7//14 12//16
f  13//1 14//1 15//1
f  14//1 13//1 16//1
f  12//17 14//17 16//17
f  14//17 12//17 17//17
f  17//18 15//18 14//18
f  15//18 17//18 18//18
f  18//19 13//19 15//19
f  13//19 18//19 7//19
f  7//20 16//20 13//20
f  16//20 7//20 12//20
f  12//16 18//21 17//21
f  18//21 12//16 7//14

