# {"id":"ID_1576","idOriginal":"ID_1576","origin":[14.328955144264603,48.27424623637129],"elevation":256.426}
# Longitude: 14.328955144264603
# Latitude: 48.27424623637129
# Elevation: 256.426

# File produced by Open Asset Import Library (http://www.assimp.sf.net)
# (assimp v3.1.0)

mtllib ID_1576.obj.mtl

# 69 vertex positions
v  20.197 6.577 31.236
v  11.962 6.229 36.761
v  20.975 6.229 34.822
v  11.183 6.577 33.175
v  11.183 -2.03138e-15 33.175
v  11.962 -2.25096e-15 36.761
v  20.975 -2.13223e-15 34.822
v  20.197 -1.91265e-15 31.236
v  8.427 8.202 20.482
v  10.784 8.035 33.261
v  11.183 8.202 33.175
v  10.754 8.037 33.1
v  7.342 6.604 33.813
v  4.915 6.605 22.621
v  6.185 7.26 20.963
v  4.627 6.605 21.297
v  4.627 -1.30407e-15 21.297
v  7.342 -2.07045e-15 33.813
v  4.915 -1.38514e-15 22.621
v  10.754 -2.02679e-15 33.1
v  10.784 -2.03665e-15 33.261
v  8.427 -1.25416e-15 20.482
v  6.185 -1.28361e-15 20.963
v  11.183 0.975 33.175
v  11.452 0.975 36.871
v  11.962 0.975 36.761
v  10.784 0.975 33.261
v  11.452 -2.2577e-15 36.871
v  5.981 14.965 -1.439
v  17.347 14.965 18.569
v  12.713 14.965 -2.793
v  3.782 14.965 -0.91
v  8.427 14.965 20.482
v  17.368 14.965 18.667
v  20.197 14.965 31.236
v  17.466 14.965 18.646
v  11.183 14.965 33.175
v  3.782 5.57214e-17 -0.91
v  17.466 -1.14174e-15 18.646
v  17.368 -1.14302e-15 18.667
v  12.713 1.71022e-16 -2.793
v  17.347 -1.13702e-15 18.569
v  5.981 8.81133e-17 -1.439
v  3.782 15.756 -0.91
v  8.427 15.756 20.482
v  4.627 1.356 21.297
v  0 1.346 8.24187e-17
v  0 0 0
v  20.975 5.951 34.822
v  41.909 5.951 26.564
v  20.197 5.951 31.236
v  29.024 5.951 33.09
v  37.217 5.951 31.327
v  42.133 5.951 27.624
v  42.668 5.951 30.154
v  42.668 -1.8464e-15 30.154
v  29.024 -2.02618e-15 33.09
v  37.217 -1.91823e-15 31.327
v  41.909 -1.62658e-15 26.564
v  42.133 -1.69148e-15 27.624
v  20.197 8.494 31.236
v  31.862 8.494 15.559
v  17.466 8.494 18.646
v  41.909 8.494 26.564
v  37.217 8.494 14.411
v  39.245 8.494 13.976
v  39.245 -8.55783e-16 13.976
v  37.217 -8.82419e-16 14.411
v  31.862 -9.52714e-16 15.559

# 0 UV coordinates

# 93 vertex normals
vn 0.0198574 0.995533 0.0923025
vn 0.0198541 0.995533 0.0922976
vn -0.977208 0 0.212283
vn 0.210322 -0 0.977632
vn 0.977265 0 -0.212022
vn 0.977265 0 -0.212022
vn -0.210299 0 -0.977637
vn -2.19051e-23 -1 -6.12323e-17
vn -2.66035e-23 -1 -6.12323e-17
vn -0.370058 0.925528 0.0803497
vn -0.322642 0.94379 0.0718431
vn -0.371594 0.924888 0.0806234
vn -0.371478 0.924933 0.0806382
vn -0.371255 0.924987 0.0810447
vn -0.371515 0.924903 0.080813
vn -0.97715 0 0.212552
vn -0.977286 0.000131545 0.211926
vn -0.977271 0 0.211992
vn 0 -1 -6.12463e-17
vn -0.983079 0 0.183183
vn -0.983079 0 0.183183
vn 0.20455 0 0.978856
vn 0.20455 0 0.978856
vn 0.210706 0 0.977549
vn 0.210706 0 0.977549
vn 0.97723 0 -0.212184
vn -0.209767 0 -0.977751
vn -0.209633 4.32282e-05 -0.97778
vn -0.209705 -0 -0.977765
vn -1.46421e-19 -1 -6.19185e-17
vn -4.24391e-23 -1 -6.12323e-17
vn -4.41009e-23 -1 -6.12311e-17
vn 0 1 0
vn -0.983307 0 0.181953
vn 0.210832 -0 0.977522
vn 0.977208 0 -0.212283
vn -0.210706 0 -0.977549
vn 5.53016e-23 -1 -6.12324e-17
vn -0.97723 0 0.212184
vn -0.977228 0 0.212193
vn 0.210299 -0 0.977637
vn 0.977272 0 -0.211988
vn 0.977802 0 -0.209529
vn 0.97727 -1.69051e-05 -0.211997
vn 0.977273 0 -0.211985
vn 3.06268e-19 1 6.11771e-17
vn -0.209529 0 -0.977802
vn -0.19718 0 -0.980367
vn -0.233891 0 -0.972263
vn -8.4832e-24 -1 -6.12323e-17
vn -9.34762e-22 -1 -6.12317e-17
vn 0 -1 -6.12323e-17
vn 2.26709e-23 -1 -6.12322e-17
vn 6.56023e-22 -1 -6.12325e-17
vn -0.94347 0.260569 0.204862
vn -0.943473 0.260561 0.20486
vn -0.943474 0.260558 0.204857
vn -0.977203 0 0.212308
vn -0.977203 0 0.212308
vn 0.209767 0 0.977751
vn 0.209697 -2.25019e-05 0.977766
vn 0.209705 0 0.977765
vn 1.46421e-19 1 6.19185e-17
vn 0.977228 0 -0.212193
vn -0.233937 0 -0.972252
vn -0.233937 5.95333e-17 -0.972252
vn 1.24923e-24 -1 -6.12323e-17
vn 0.210367 -0 0.977623
vn 0.210368 -2.60062e-06 0.977622
vn 0.210374 -1.90267e-05 0.977621
vn 0.210369 0 0.977622
vn -1.20201e-18 1 5.50741e-17
vn -8.67362e-19 1 5.70531e-17
vn 0.978365 0 -0.206887
vn 0.978393 5.94532e-05 -0.206754
vn 0.978373 0 -0.206848
vn -5.52436e-19 -1 -6.11046e-17
vn -0.210365 0 -0.977623
vn -0.977265 0 0.212022
vn 6.54936e-24 -1 -6.12322e-17
vn 7.15502e-24 -1 -6.12323e-17
vn 0.210365 -0 0.977623
vn 0.978332 0 -0.207045
vn -0.209727 0 -0.97776
vn -0.209616 2.75941e-05 -0.977784
vn -0.209668 -1.9583e-05 -0.977773
vn -0.209727 -0.000176686 -0.97776
vn -0.209616 9.19257e-05 -0.977784
vn -0.209668 -0 -0.977773
vn -0.977272 0 0.211988
vn 4.44626e-24 -1 -6.12323e-17
vn -2.17961e-23 -1 -6.12324e-17
vn 3.00116e-24 -1 -6.12323e-17

# Mesh 'defaultobject' with 144 faces
g defaultobject
usemtl DefaultMaterial
f  1//1 2//1 3//1
f  2//1 1//1 4//2
f  5//3 2//3 4//3
f  2//3 5//3 6//3
f  6//4 3//4 2//4
f  3//4 6//4 7//4
f  3//5 8//5 1//5
f  8//5 3//5 7//6
f  8//7 4//7 1//7
f  4//7 8//7 5//7
f  8//8 6//8 5//8
f  6//8 8//8 7//9
f  9//10 10//10 11//10
f  10//11 9//11 12//11
f  12//12 9//12 13//12
f  13//13 9//13 14//13
f  14//14 9//14 15//14
f  14//15 15//15 16//15
f  17//16 14//16 16//16
f  14//17 17//17 13//17
f  13//18 17//18 18//18
f  18//19 17//19 19//19
f  20//20 10//20 12//20
f  10//20 20//20 21//21
f  13//22 20//22 12//22
f  20//22 13//22 18//23
f  10//24 5//24 11//24
f  5//24 10//24 21//25
f  5//26 9//26 11//26
f  9//26 5//26 22//26
f  22//27 15//27 9//27
f  15//28 22//28 16//28
f  16//29 22//29 17//29
f  17//19 22//30 23//30
f  19//19 20//31 18//19
f  20//31 19//19 5//8
f  5//8 19//19 22//30
f  22//30 19//19 23//30
f  23//30 19//19 17//19
f  5//8 21//32 20//31
f  24//33 25//33 26//33
f  25//33 24//33 27//33
f  21//34 25//34 27//34
f  25//34 21//34 28//34
f  28//35 26//35 25//35
f  26//35 28//35 6//35
f  6//36 24//36 26//36
f  24//36 6//36 5//36
f  5//37 27//37 24//37
f  27//37 5//37 21//37
f  21//32 6//8 28//38
f  6//8 21//32 5//8
f  29//33 30//33 31//33
f  30//33 29//33 32//33
f  30//33 32//33 33//33
f  30//33 33//33 34//33
f  34//33 35//33 36//33
f  35//33 34//33 33//33
f  35//33 33//33 37//33
f  33//39 5//39 37//39
f  5//39 33//39 22//39
f  22//39 33//39 32//40
f  22//39 32//40 38//40
f  5//41 35//41 37//41
f  35//41 5//41 8//41
f  8//42 36//42 35//42
f  36//42 8//42 39//42
f  40//43 30//43 34//43
f  30//44 40//44 31//44
f  31//45 40//45 41//45
f  41//46 40//46 42//46
f  39//47 34//47 36//47
f  34//47 39//47 40//47
f  41//48 29//48 31//48
f  29//48 41//48 43//48
f  43//49 32//49 29//49
f  32//49 43//49 38//49
f  38//50 40//50 22//30
f  40//50 38//50 42//51
f  42//51 38//50 41//52
f  41//52 38//50 43//53
f  22//30 8//8 5//8
f  8//8 22//30 40//50
f  8//8 40//50 39//54
f  44//55 15//55 45//55
f  15//55 44//55 46//56
f  46//56 44//57 47//57
f  47//58 17//58 46//58
f  17//58 47//58 48//59
f  15//60 22//60 45//60
f  22//61 15//61 46//61
f  22//62 46//62 17//62
f  22//63 17//63 23//63
f  22//26 44//64 45//64
f  44//64 22//26 38//64
f  38//65 47//65 44//65
f  47//65 38//65 48//66
f  38//50 17//19 48//67
f  17//19 38//50 22//30
f  17//19 22//30 23//30
f  49//33 50//33 51//33
f  50//33 49//33 52//33
f  50//33 52//33 53//33
f  50//33 53//33 54//33
f  54//33 53//33 55//33
f  7//68 52//68 49//68
f  52//68 7//68 53//69
f  53//70 7//70 55//70
f  55//71 7//68 56//71
f  56//72 7//72 57//72
f  56//72 57//72 58//73
f  56//74 54//74 55//74
f  54//75 56//75 50//75
f  50//76 56//76 59//76
f  59//77 56//77 60//77
f  59//78 51//78 50//78
f  51//78 59//78 8//78
f  8//79 49//79 51//79
f  49//79 8//79 7//79
f  60//77 8//8 59//77
f  8//8 60//77 56//77
f  8//8 56//77 58//80
f  8//8 58//80 57//81
f  8//8 57//81 7//9
f  61//33 62//33 63//33
f  62//33 61//33 64//33
f  62//33 64//33 65//33
f  65//33 64//33 66//33
f  8//82 64//82 61//82
f  64//82 8//82 59//82
f  59//83 66//83 64//83
f  66//83 59//83 67//83
f  67//84 65//84 66//84
f  65//85 67//85 62//85
f  62//86 67//86 63//86
f  63//87 67//87 68//87
f  63//88 68//88 69//88
f  63//89 69//89 39//89
f  39//90 61//90 63//90
f  61//90 39//90 8//90
f  8//8 67//91 59//77
f  67//91 8//8 68//92
f  68//92 8//8 69//93
f  69//93 8//8 39//54

