# File produced by Open Asset Import Library (http://www.assimp.sf.net)
# (assimp v3.1.0)

mtllib _34522.obj.mtl

# 12 vertex positions
v  6.055 2.94 -3.177
v  9.12 2.94 1.854
v  6.389 2.94 -3.352
v  2.957 2.94 5.637
v  9.346 2.94 2.284
v  0 2.94 1.80023e-16
v  9.346 -1.39855e-16 2.284
v  6.389 2.05251e-16 -3.352
v  9.12 -1.13525e-16 1.854
v  0 0 0
v  6.055 1.94535e-16 -3.177
v  2.957 -3.45167e-16 5.637

# 0 UV coordinates

# 15 vertex normals
vn -0 1 0
vn 0.885186 0 -0.465237
vn 0.885548 0.000128743 -0.464547
vn 0.885521 0 -0.4646
vn 0 -1 -6.12192e-17
vn -0.464106 0 -0.88578
vn -0.464619 -7.43008e-05 -0.885511
vn -0.464592 5.42228e-17 -0.885525
vn -7.08955e-20 1 6.11119e-17
vn -0.885555 -2.84446e-17 0.464535
vn -0.885555 0 0.464535
vn 0.464701 -0 0.885468
vn 4.77637e-23 -1 -6.12324e-17
vn -2.6338e-24 -1 -6.12323e-17
vn 0 -1 -6.12323e-17

# Mesh 'defaultobject' with 20 faces
g defaultobject
usemtl DefaultMaterial
f  1//1 2//1 3//1
f  2//1 4//1 5//1
f  4//1 2//1 1//1
f  4//1 1//1 6//1
f  7//2 2//2 5//2
f  2//3 7//3 3//3
f  3//4 7//4 8//4
f  8//5 7//5 9//5
f  8//6 1//6 3//6
f  1//7 8//7 6//7
f  6//8 8//8 10//8
f  10//9 8//9 11//9
f  10//10 4//10 6//10
f  4//10 10//10 12//11
f  12//12 5//12 4//12
f  5//12 12//12 7//12
f  9//5 11//13 8//5
f  11//13 9//5 10//14
f  10//14 9//5 7//5
f  10//14 7//5 12//15

