# {"id":"ID_31458","idOriginal":"ID_31458","origin":[14.27903855204089,48.31653565637993],"elevation":272.232,"wof":[{"Id":102049853,"Name":"Linz","Placetype":"county","Offset":-1},{"Id":101748071,"Name":"Linz","Placetype":"locality","Offset":-1},{"Id":85632785,"Name":"Austria","Placetype":"country","Offset":-1},{"Id":85681677,"Name":"Oberösterreich","Placetype":"region","Offset":-1},{"Id":85898453,"Name":"Urfahr","Placetype":"neighbourhood","Offset":-1}]}

# Attribution: City of Linz <http://geo.data.linz.gv.at/katalog/geodata/3d_geo_daten_lod2/>
# Longitude: 14.27903855204089
# Latitude: 48.31653565637993
# Elevation: 272.232

# File produced by Open Asset Import Library (http://www.assimp.sf.net)
# (assimp v3.1.0)


# 10 vertex positions
v  4.75 2.349 9.835
v  4.709 2.349 -2.287
v  0 2.349 1.43835e-16
v  4.946 2.349 -2.402
v  9.754 2.349 7.435
v  9.754 -4.55262e-16 7.435
v  4.946 1.4708e-16 -2.402
v  0 0 0
v  4.709 1.40038e-16 -2.287
v  4.75 -6.0222e-16 9.835

# 0 UV coordinates

# 12 vertex normals
vn 0 1 0
vn 0.898428 0 -0.439122
vn -0.436553 0 -0.899679
vn -0.436869 -3.93487e-05 -0.899525
vn -0.436853 5.50805e-17 -0.899533
vn 0 1 6.12046e-17
vn -0.900477 -2.66301e-17 0.434903
vn -0.900477 0 0.434903
vn 0.43245 -0 0.901658
vn -1.04549e-23 -1 -6.12323e-17
vn 3.52617e-24 -1 -6.12323e-17
vn 4.44472e-20 -1 -6.11457e-17

# Mesh 'defaultobject' with 16 faces
g defaultobject
usemtl DefaultMaterial
f  1//1 2//1 3//1
f  2//1 1//1 4//1
f  4//1 1//1 5//1
f  6//2 4//2 5//2
f  4//2 6//2 7//2
f  7//3 2//3 4//3
f  2//4 7//4 3//4
f  3//5 7//5 8//5
f  8//6 7//6 9//6
f  8//7 1//7 3//7
f  1//7 8//7 10//8
f  10//9 5//9 1//9
f  5//9 10//9 6//9
f  10//10 7//10 6//10
f  7//10 10//10 8//11
f  7//10 8//11 9//12

