# {"id":"ID_6292","idOriginal":"ID_6292","origin":[14.303525283504314,48.329311664383305],"elevation":258.36}
# Longitude: 14.303525283504314
# Latitude: 48.329311664383305
# Elevation: 258.36

# File produced by Open Asset Import Library (http://www.assimp.sf.net)
# (assimp v3.1.0)

mtllib ID_6292.obj.mtl

# 30 vertex positions
v  3.131 6.866 16.387
v  19.001 6.866 15.287
v  18.641 6.866 13.393
v  3.494 6.866 18.287
v  3.131 -1.00341e-15 16.387
v  3.494 -1.11976e-15 18.287
v  19.001 -9.36059e-16 15.287
v  18.641 -8.20085e-16 13.393
v  7.47 9.579 -3.168
v  15.541 9.383 -2.909
v  15.205 9.383 -4.674
v  7.794 9.579 -1.491
v  18.641 9.383 13.393
v  2.028 9.726 -0.388
v  0.301 9.77 -0.058
v  0 9.778 5.9873e-16
v  0.017 9.778 0.087
v  2.028 9.777 10.614
v  2.838 9.777 14.853
v  3.131 9.777 16.387
v  15.541 1.78125e-16 -2.909
v  15.205 2.862e-16 -4.674
v  7.47 1.93984e-16 -3.168
v  7.794 9.12974e-17 -1.491
v  2.028 2.37581e-17 -0.388
v  0 0 0
v  0.301 3.55148e-18 -0.058
v  0.017 -5.32721e-18 0.087
v  2.028 -6.4992e-16 10.614
v  2.838 -9.09484e-16 14.853

# 0 UV coordinates

# 42 vertex normals
vn 0 1 0
vn -0.982234 0 0.187658
vn 0.189939 -0 0.981796
vn 0.982411 0 -0.18673
vn -0.189538 0 -0.981874
vn 1.29956e-23 -1 -6.12322e-17
vn 7.82261e-24 -1 -6.12323e-17
vn 0.0244262 0.999691 -0.00464999
vn 0.0244284 0.99969 -0.00471964
vn 0.0244416 0.99969 -0.00464783
vn 0.024578 0.999687 -0.00474733
vn 0.0245658 0.999687 -0.00473255
vn 0.0254283 0.999659 -0.0059094
vn 0.0246431 0.999685 -0.00481517
vn 0.0244753 0.99969 -0.00458066
vn 0.0244919 0.999689 -0.00467997
vn 0.024492 0.999689 -0.00467809
vn 0.982395 0 -0.186813
vn 0.982358 0 -0.18701
vn -0.191111 0 -0.981568
vn -0.191111 0 -0.981569
vn -0.187887 0 -0.982191
vn -0.187684 0.000124741 -0.98223
vn -0.189239 -0.00111151 -0.98193
vn -0.187887 5.64457e-06 -0.982191
vn -0.187913 6.01415e-17 -0.982186
vn 0 1 6.12322e-17
vn -0.981843 0 0.189694
vn -0.981439 -1.17429e-17 0.191775
vn -0.982238 3.81891e-05 0.187639
vn -0.981428 -0.00461709 0.191774
vn -0.982238 0 0.187639
vn -0.982229 0 0.187687
vn -0.982243 3.3579e-05 0.187612
vn -0.982233 0 0.187667
vn 4.1301e-19 -1 -6.13062e-17
vn 0.189538 -0 0.981874
vn 0.189538 0 0.981873
vn 0 -1 -6.12323e-17
vn -1.90258e-24 -1 -6.12323e-17
vn 0 -1 -6.12323e-17
vn -2.8322e-19 -1 -6.11756e-17

# Mesh 'defaultobject' with 56 faces
g defaultobject
usemtl DefaultMaterial
f  1//1 2//1 3//1
f  2//1 1//1 4//1
f  5//2 4//2 1//2
f  4//2 5//2 6//2
f  6//3 2//3 4//3
f  2//3 6//3 7//3
f  7//4 3//4 2//4
f  3//4 7//4 8//4
f  8//5 1//5 3//5
f  1//5 8//5 5//5
f  5//6 7//6 6//6
f  7//6 5//6 8//7
f  9//8 10//8 11//8
f  10//9 9//9 12//9
f  10//10 12//10 13//10
f  13//11 12//11 14//11
f  13//12 14//12 15//12
f  13//13 15//13 16//13
f  13//14 16//14 17//14
f  13//15 17//15 18//15
f  13//16 18//16 19//16
f  13//16 19//16 20//17
f  8//18 10//18 13//18
f  10//18 8//18 21//18
f  10//19 21//19 11//19
f  11//19 21//19 22//19
f  11//20 23//20 9//20
f  23//20 11//20 22//21
f  24//22 14//22 12//22
f  14//23 24//23 15//23
f  15//24 24//24 16//24
f  16//25 24//22 25//25
f  16//26 25//26 26//26
f  26//27 25//27 27//27
f  23//28 12//28 9//28
f  12//28 23//28 24//28
f  26//29 17//29 16//29
f  17//30 26//30 18//30
f  18//31 26//31 28//31
f  18//32 28//32 29//32
f  18//33 29//33 19//33
f  19//34 29//34 20//34
f  20//35 29//35 5//2
f  5//6 29//36 30//36
f  5//37 13//37 20//37
f  13//37 5//37 8//38
f  22//39 24//39 23//39
f  27//40 28//40 26//40
f  28//40 27//40 29//36
f  29//36 27//40 30//36
f  30//36 27//40 5//6
f  5//6 27//40 8//7
f  8//7 27//40 25//41
f  8//7 25//41 24//39
f  8//7 24//39 22//39
f  8//7 22//39 21//42

