# {"id":"ID_5703","idOriginal":"ID_5703","origin":[14.312121974777781,48.32896574208943],"elevation":255.849}
# Longitude: 14.312121974777781
# Latitude: 48.32896574208943
# Elevation: 255.849

# File produced by Open Asset Import Library (http://www.assimp.sf.net)
# (assimp v3.1.0)

mtllib ID_5703.obj.mtl

# 48 vertex positions
v  3.215 9.506 10.174
v  4.681 9.506 -1.479
v  0 9.506 5.82075e-16
v  7.894 9.506 8.687
v  3.215 -6.22978e-16 10.174
v  7.894 -5.31925e-16 8.687
v  4.681 9.05626e-17 -1.479
v  0 0 0
v  13.417 9.462 -9.512
v  4.753 9.462 -1.601
v  14.907 9.462 -4.822
v  3.275 9.462 -6.294
v  3.275 3.85396e-16 -6.294
v  4.753 9.8033e-17 -1.601
v  14.907 2.95262e-16 -4.822
v  13.417 5.82442e-16 -9.512
v  19.712 9.531 -6.232
v  18.259 9.531 5.394
v  22.938 9.531 3.907
v  15.031 9.531 -4.752
v  15.031 2.90976e-16 -4.752
v  18.259 -3.30287e-16 5.394
v  22.938 -2.39235e-16 3.907
v  19.712 3.816e-16 -6.232
v  8.014 9.472 8.76
v  19.681 9.472 10.208
v  18.19 9.472 5.512
v  9.493 9.472 13.459
v  9.493 -8.24126e-16 13.459
v  19.681 -6.2506e-16 10.208
v  18.19 -3.37513e-16 5.512
v  8.014 -5.36395e-16 8.76
v  7.894 11.101 8.687
v  4.781 11.101 -1.511
v  4.681 11.101 -1.479
v  14.907 11.101 -4.822
v  4.753 11.101 -1.601
v  7.982 11.101 8.659
v  14.938 11.101 -4.723
v  8.014 11.101 8.76
v  15.031 11.101 -4.752
v  18.162 11.101 5.425
v  18.19 11.101 5.512
v  18.259 11.101 5.394
v  18.162 -3.32185e-16 5.425
v  14.938 2.892e-16 -4.723
v  7.982 -5.30211e-16 8.659
v  4.781 9.25221e-17 -1.511

# 0 UV coordinates

# 43 vertex normals
vn 0 1 0
vn 0.302876 -0 0.95303
vn 0.95351 0 -0.30136
vn -0.301278 0 -0.953537
vn -0.301278 5.83873e-17 -0.953537
vn -0.953525 -1.84502e-17 0.301315
vn -0.953525 0 0.301315
vn -8.08471e-24 -1 -6.12323e-17
vn 0 -1 -6.12323e-17
vn -0.953816 0 0.300392
vn 0.302367 -0 0.953192
vn 0.953059 0 -0.302784
vn -0.302435 0 -0.95317
vn 2.02008e-24 -1 -6.12323e-17
vn 5.05527e-25 -1 -6.12323e-17
vn -0.952933 0 0.30318
vn 0.302876 -0 0.95303
vn 0.952927 0 -0.3032
vn -0.301463 0 -0.953478
vn 6.07676e-24 -1 -6.12323e-17
vn -6.08065e-24 -1 -6.12323e-17
vn 0.303999 -0 0.952672
vn 0.953112 0 -0.302617
vn -0.304069 0 -0.95265
vn -0.953868 0 0.300228
vn -1.50734e-24 -1 -6.12323e-17
vn -1.0059e-24 -1 -6.12323e-17
vn 0.951915 0 -0.306362
vn 0.952933 0 -0.30318
vn 0.954308 0 -0.298825
vn 0.30442 -0 0.952538
vn 0.303203 -0 0.952926
vn 0.304069 -0 0.95265
vn -0.297687 0 -0.954663
vn -0.302367 0 -0.953192
vn -0.304774 0 -0.952425
vn -0.954857 0 0.297065
vn -0.95351 0 0.30136
vn -0.953297 0 0.302036
vn -3.68885e-24 -1 -6.12323e-17
vn 2.80927e-20 -1 -6.11297e-17
vn 5.27262e-23 -1 -6.12324e-17
vn 0 -1 -6.12324e-17

# Mesh 'defaultobject' with 92 faces
g defaultobject
usemtl DefaultMaterial
f  1//1 2//1 3//1
f  2//1 1//1 4//1
f  5//2 4//2 1//2
f  4//2 5//2 6//2
f  6//3 2//3 4//3
f  2//3 6//3 7//3
f  7//4 3//4 2//4
f  3//4 7//4 8//5
f  8//6 1//6 3//6
f  1//6 8//6 5//7
f  8//8 6//8 5//8
f  6//8 8//8 7//9
f  9//1 10//1 11//1
f  10//1 9//1 12//1
f  13//10 10//10 12//10
f  10//10 13//10 14//10
f  14//11 11//11 10//11
f  11//11 14//11 15//11
f  15//12 9//12 11//12
f  9//12 15//12 16//12
f  16//13 12//13 9//13
f  12//13 16//13 13//13
f  13//14 15//14 14//14
f  15//14 13//14 16//15
f  17//1 18//1 19//1
f  18//1 17//1 20//1
f  21//16 18//16 20//16
f  18//16 21//16 22//16
f  22//17 19//17 18//17
f  19//17 22//17 23//17
f  23//18 17//18 19//18
f  17//18 23//18 24//18
f  24//19 20//19 17//19
f  20//19 24//19 21//19
f  24//20 22//20 21//20
f  22//20 24//20 23//21
f  25//1 26//1 27//1
f  26//1 25//1 28//1
f  29//22 26//22 28//22
f  26//22 29//22 30//22
f  30//23 27//23 26//23
f  27//23 30//23 31//23
f  31//24 25//24 27//24
f  25//24 31//24 32//24
f  32//25 28//25 25//25
f  28//25 32//25 29//25
f  32//26 30//26 29//26
f  30//26 32//26 31//27
f  33//1 34//1 35//1
f  34//1 36//1 37//1
f  36//1 34//1 33//1
f  36//1 33//1 38//1
f  36//1 38//1 39//1
f  39//1 38//1 40//1
f  39//1 40//1 41//1
f  41//1 40//1 42//1
f  42//1 40//1 43//1
f  44//1 41//1 42//1
f  31//28 42//28 43//28
f  42//28 31//28 45//28
f  22//29 41//29 44//29
f  41//29 22//29 21//29
f  46//30 36//30 39//30
f  36//30 46//30 15//30
f  45//31 44//31 42//31
f  44//31 45//31 22//31
f  6//32 38//32 33//32
f  38//32 6//32 47//32
f  32//33 43//33 40//33
f  43//33 32//33 31//33
f  21//34 39//34 41//34
f  39//34 21//34 46//34
f  15//35 37//35 36//35
f  37//35 15//35 14//35
f  48//36 35//36 34//36
f  35//36 48//36 7//36
f  14//37 34//37 37//37
f  34//37 14//37 48//37
f  7//38 33//38 35//38
f  33//38 7//38 6//38
f  47//39 40//39 38//39
f  40//39 47//39 32//39
f  22//20 47//40 21//20
f  47//40 22//20 45//41
f  47//40 45//41 32//26
f  32//26 45//41 31//27
f  15//14 48//42 14//14
f  48//42 15//14 46//43
f  48//42 46//43 7//9
f  7//9 46//43 6//8
f  6//8 46//43 21//20
f  6//8 21//20 47//40

