# {"id":"ID_25338","idOriginal":"ID_25338","origin":[14.26006616526611,48.314360970858196],"elevation":385.402}
# Longitude: 14.26006616526611
# Latitude: 48.314360970858196
# Elevation: 385.402

# File produced by Open Asset Import Library (http://www.assimp.sf.net)
# (assimp v3.1.0)

mtllib ID_25338.obj.mtl

# 38 vertex positions
v  7.097 10.803 9.422
v  9.99 10.178 9.112
v  9.676 10.178 8.354
v  10.709 10.179 10.848
v  11.223 10.179 12.09
v  8.469 10.846 13.23
v  8.25 10.846 12.704
v  6.911 10.848 9.499
v  7.227 10.847 10.256
v  6.911 -5.81646e-16 9.499
v  8.469 -8.10104e-16 13.23
v  7.227 -6.27999e-16 10.256
v  8.25 -7.77896e-16 12.704
v  11.223 -7.40299e-16 12.09
v  10.709 -6.64248e-16 10.848
v  9.676 -5.11535e-16 8.354
v  9.99 -5.57949e-16 9.112
v  7.097 -5.76931e-16 9.422
v  9.676 10.803 8.354
v  9.636 10.803 8.257
v  4.333 10.803 10.465
v  2.426 10.803 -1.005
v  0 10.803 6.61493e-16
v  6.764 10.803 -2.801
v  11.105 10.803 7.619
v  6.87 10.803 9.401
v  6.771 10.803 9.443
v  10.428 10.803 7.913
v  6.911 10.803 9.499
v  6.87 -5.75645e-16 9.401
v  6.771 -5.78217e-16 9.443
v  4.333 -6.40796e-16 10.465
v  9.636 -5.05595e-16 8.257
v  11.105 -4.66529e-16 7.619
v  10.428 -4.84531e-16 7.913
v  6.764 1.71512e-16 -2.801
v  0 0 0
v  2.426 6.15385e-17 -1.005

# 0 UV coordinates

# 54 vertex normals
vn 0.201858 0.975839 -0.0836195
vn 0.201796 0.975807 -0.0841397
vn 0.201525 0.975926 -0.0834007
vn 0.201704 0.975864 -0.0836922
vn 0.196811 0.977011 -0.0819423
vn 0.201509 0.975914 -0.0835785
vn -0.838131 0.418022 0.350419
vn -0.922824 0 0.385221
vn -0.922675 -2.92746e-05 0.385578
vn -0.923181 0.000391258 0.384366
vn -0.922777 0 0.385335
vn 6.4623e-19 1 6.10041e-17
vn 1.5335e-19 -1 -6.13001e-17
vn 0.38247 -0 0.923968
vn 0.923999 0 -0.382395
vn 0.923894 -3.63248e-05 -0.38265
vn 0.923868 -5.72372e-05 -0.382711
vn 0.923999 7.82829e-05 -0.382395
vn 0.923886 0 -0.382668
vn -1.69004e-18 1 6.18813e-17
vn -0.382605 0 -0.923912
vn -0.38249 3.20768e-05 -0.92396
vn -0.382598 -0 -0.923915
vn 1.46579e-18 -1 -5.76878e-17
vn -4.38368e-23 -1 -6.12325e-17
vn 7.42965e-24 -1 -6.12323e-17
vn -1.17767e-24 -1 -6.12324e-17
vn 0 1 0
vn 0.390548 0 0.920582
vn 0.386602 -4.26335e-05 0.922247
vn 0.390548 0.00104801 0.920582
vn 0.386602 0 0.922247
vn 0.398387 -0 0.917217
vn 0.39833 4.92252e-06 0.917242
vn 0.398361 0 0.917229
vn -4.21497e-19 -1 -6.21708e-17
vn -0.922517 0 0.385956
vn 0.382497 -0 0.923957
vn 0.382605 -2.17968e-06 0.923912
vn 0.382598 0 0.923915
vn -1.40789e-18 1 5.77236e-17
vn 0.924481 0 -0.381228
vn 0.923098 0 -0.384565
vn -0.382527 0 -0.923944
vn -0.382722 -9.14075e-05 -0.923864
vn -0.382597 5.65735e-17 -0.923915
vn -5.10307e-21 1 6.12062e-17
vn -0.923934 -2.34246e-17 0.382552
vn -0.923934 0 0.382552
vn -7.94355e-24 -1 -6.12323e-17
vn 3.99108e-24 -1 -6.12323e-17
vn 1.86666e-22 -1 -6.12324e-17
vn 0 -1 -6.12323e-17
vn -2.83167e-23 -1 -6.12323e-17

# Mesh 'defaultobject' with 76 faces
g defaultobject
usemtl DefaultMaterial
f  1//1 2//1 3//1
f  2//2 1//2 4//2
f  4//3 1//3 5//3
f  5//4 1//4 6//4
f  6//5 1//5 7//5
f  7//6 1//6 8//6
f  7//7 8//7 9//7
f  10//8 9//8 8//8
f  9//9 10//9 7//9
f  7//10 10//10 6//10
f  6//11 10//11 11//11
f  11//12 10//12 12//12
f  11//13 12//13 13//13
f  11//14 5//14 6//14
f  5//14 11//14 14//14
f  14//15 4//15 5//15
f  4//16 14//16 2//16
f  2//17 14//17 3//17
f  3//18 14//18 15//18
f  3//19 15//19 16//19
f  16//20 15//20 17//20
f  16//21 1//21 3//21
f  1//22 16//22 8//22
f  8//23 16//21 10//23
f  10//24 16//24 18//24
f  13//13 14//25 11//13
f  14//25 13//13 15//26
f  15//26 13//13 12//13
f  15//26 12//13 17//27
f  17//27 12//13 10//24
f  17//27 10//24 18//24
f  17//27 18//24 16//24
f  19//28 20//28 1//28
f  21//28 22//28 23//28
f  22//28 21//28 24//28
f  24//28 21//28 25//28
f  25//28 21//28 26//28
f  26//28 21//28 27//28
f  25//28 26//28 28//28
f  28//28 26//28 20//28
f  20//28 26//28 29//28
f  20//28 29//28 1//28
f  27//29 30//29 26//29
f  30//30 27//30 21//30
f  30//31 21//31 31//31
f  31//32 21//32 32//32
f  33//33 28//33 20//33
f  28//34 33//34 25//34
f  25//35 33//35 34//35
f  34//36 33//36 35//36
f  30//37 29//37 26//37
f  29//37 30//37 10//37
f  10//38 1//38 29//38
f  1//39 10//39 19//39
f  19//39 10//39 16//40
f  16//20 10//12 18//41
f  16//42 20//42 19//42
f  20//42 16//42 33//42
f  34//43 24//43 25//43
f  24//43 34//43 36//43
f  36//44 22//44 24//44
f  22//45 36//45 23//45
f  23//46 36//46 37//46
f  37//47 36//47 38//47
f  37//48 21//48 23//48
f  21//48 37//48 32//49
f  35//36 36//50 34//36
f  36//50 35//36 38//51
f  38//51 35//36 33//36
f  38//51 33//36 16//24
f  38//51 16//24 18//24
f  38//51 18//24 30//52
f  30//52 18//24 10//24
f  38//51 30//52 31//53
f  38//51 31//53 32//54
f  38//51 32//54 37//53

