# {"id":"ID_31252","idOriginal":"ID_31252","origin":[14.303668058119305,48.33132157878125],"elevation":260.402}
# Longitude: 14.303668058119305
# Latitude: 48.33132157878125
# Elevation: 260.402

# File produced by Open Asset Import Library (http://www.assimp.sf.net)
# (assimp v3.1.0)

mtllib ID_31252.obj.mtl

# 16 vertex positions
v  4.458 9.538 -1.585
v  9.273 7.021 -2.169
v  8.916 7.022 -3.171
v  11.087 7.022 2.961
v  6.625 9.538 4.536
v  0 7.022 4.29974e-16
v  1.247 7.028 3.49
v  2.161 7.021 6.111
v  8.916 1.94168e-16 -3.171
v  0 0 0
v  4.458 9.70533e-17 -1.585
v  2.161 -3.74191e-16 6.111
v  1.247 -2.13701e-16 3.49
v  11.087 -1.81309e-16 2.961
v  6.625 -2.7775e-16 4.536
v  9.273 1.32813e-16 -2.169

# 0 UV coordinates

# 25 vertex normals
vn 0.442533 0.88294 -0.156788
vn 0.442554 0.882951 -0.156662
vn 0.442563 0.882944 -0.156679
vn -0.442595 0.882926 0.15669
vn -0.442552 0.882962 0.156609
vn -0.44256 0.882944 0.156688
vn -0.335185 0 -0.942152
vn -0.335036 7.81645e-05 -0.942205
vn -0.335091 5.76922e-17 -0.942186
vn 0 -1 -6.12475e-17
vn -0.941693 -2.0603e-17 0.336473
vn -0.944223 0.00401994 0.329282
vn -0.942788 0 0.333393
vn 0 -1 -6.12328e-17
vn 0.332721 -0 0.943025
vn 0.332826 -5.52556e-05 0.942988
vn 0.332787 0 0.943002
vn -2.51942e-20 1 6.11546e-17
vn 0.942793 0 -0.333378
vn 0.941995 -0.00184632 -0.335622
vn 0.942663 0 -0.333745
vn 0 1 6.12322e-17
vn 6.87622e-24 -1 -6.12323e-17
vn 4.19574e-23 -1 -6.12323e-17
vn -6.16841e-24 -1 -6.12323e-17

# Mesh 'defaultobject' with 28 faces
g defaultobject
usemtl DefaultMaterial
f  1//1 2//1 3//1
f  2//2 1//2 4//2
f  4//3 1//3 5//3
f  6//4 5//4 1//4
f  5//5 6//5 7//5
f  5//6 7//6 8//6
f  9//7 1//7 3//7
f  1//8 9//8 6//8
f  6//9 9//9 10//9
f  10//10 9//10 11//10
f  10//11 7//11 6//11
f  7//12 10//12 8//12
f  8//13 10//13 12//13
f  12//14 10//10 13//14
f  12//15 5//15 8//15
f  5//16 12//16 4//16
f  4//17 12//17 14//17
f  14//18 12//18 15//18
f  14//19 2//19 4//19
f  2//20 14//20 3//20
f  3//21 14//21 9//21
f  9//22 14//18 16//22
f  11//10 13//14 10//10
f  13//14 11//10 9//10
f  13//14 9//10 12//14
f  12//14 9//10 15//23
f  15//23 9//10 16//24
f  15//23 16//24 14//25

