# {"id":"ID_9323","idOriginal":"ID_9323","origin":[14.312090808259013,48.25582585397217],"elevation":259.123}
# Longitude: 14.312090808259013
# Latitude: 48.25582585397217
# Elevation: 259.123

# File produced by Open Asset Import Library (http://www.assimp.sf.net)
# (assimp v3.1.0)

mtllib ID_9323.obj.mtl

# 18 vertex positions
v  18.161 16.596 16.261
v  5.466 19.624 -1.965
v  12.694 19.624 18.223
v  17.122 16.596 13.359
v  10.932 16.596 -3.929
v  0 16.596 1.01621e-15
v  3.143 16.596 8.779
v  4.071 16.596 11.37
v  7.227 16.596 20.185
v  0 0 0
v  4.071 -6.96212e-16 11.37
v  7.227 -1.23597e-15 20.185
v  3.143 -5.37559e-16 8.779
v  18.161 -9.95699e-16 16.261
v  12.694 -1.11584e-15 18.223
v  10.932 2.40582e-16 -3.929
v  17.122 -8.18003e-16 13.359
v  5.466 1.20322e-16 -1.965

# 0 UV coordinates

# 31 vertex normals
vn 0.435216 0.886739 -0.155822
vn 0.43521 0.886743 -0.155818
vn 0.435229 0.886731 -0.155835
vn -0.435211 0.886742 0.155821
vn -0.435191 0.886755 0.155804
vn -0.435265 0.886702 0.155896
vn -0.435217 0.886739 0.155819
vn -0.941482 -2.06392e-17 0.337063
vn -0.941437 -7.44355e-05 0.337188
vn -0.941478 1.37969e-05 0.337074
vn -0.941472 -1.06965e-05 0.337092
vn -0.941478 0 0.337074
vn 1.86854e-19 1 6.11791e-17
vn 0.337787 -5.42235e-08 0.941223
vn 0.337787 0 0.941223
vn 0 1 5.55112e-17
vn 0.941477 0 -0.337076
vn 0.941471 -3.77404e-06 -0.337095
vn 0.941472 0 -0.337092
vn -2.96059e-18 1 6.21725e-17
vn -0.338223 -0.000155407 -0.941066
vn -0.338223 5.76237e-17 -0.941066
vn -0.338299 5.66877e-05 -0.941039
vn -0.338146 0 -0.941094
vn 7.78757e-24 -1 -6.12323e-17
vn 1.94689e-24 -1 -6.12323e-17
vn 1.03492e-23 -1 -6.12324e-17
vn 6.94895e-24 -1 -6.12323e-17
vn -2.6491e-23 -1 -6.12324e-17
vn 1.95492e-24 -1 -6.12323e-17
vn 0 -1 -6.1225e-17

# Mesh 'defaultobject' with 32 faces
g defaultobject
usemtl DefaultMaterial
f  1//1 2//1 3//1
f  2//1 1//1 4//2
f  2//3 4//3 5//3
f  6//4 3//4 2//4
f  3//5 6//5 7//5
f  3//6 7//6 8//6
f  3//4 8//7 9//7
f  10//8 7//8 6//8
f  7//9 10//9 8//9
f  8//10 10//10 9//10
f  9//11 10//11 11//11
f  9//12 11//12 12//12
f  11//13 10//13 13//13
f  9//14 1//14 3//14
f  1//14 9//14 12//15
f  1//14 12//15 14//15
f  14//16 12//16 15//16
f  14//17 4//17 1//17
f  4//18 14//18 5//18
f  5//18 14//18 16//19
f  16//20 14//16 17//20
f  5//21 6//21 2//21
f  6//22 5//22 10//22
f  10//23 5//23 18//23
f  18//24 5//24 16//24
f  11//25 15//25 12//25
f  15//25 11//25 14//26
f  14//26 11//25 17//27
f  17//27 11//25 16//28
f  16//28 11//25 13//29
f  16//28 13//29 10//30
f  16//28 10//30 18//31

