# {"id":"ID_12572","idOriginal":"ID_12572","origin":[14.358857094843048,48.25648717566789],"elevation":251.44}
# Longitude: 14.358857094843048
# Latitude: 48.25648717566789
# Elevation: 251.44

# File produced by Open Asset Import Library (http://www.assimp.sf.net)
# (assimp v3.1.0)

mtllib ID_12572.obj.mtl

# 22 vertex positions
v  17.097 10.82 5.478
v  0 11.214 6.86659e-16
v  0.305 10.82 6.295
v  16.969 10.985 2.835
v  16.829 11.167 -0.062
v  16.798 11.206 -0.695
v  6.359 11.214 -0.306
v  16.793 11.214 -0.809
v  11.619 11.214 -0.56
v  17.403 11.214 11.769
v  0.61 11.214 12.586
v  16.793 4.9537e-17 -0.809
v  16.798 4.25565e-17 -0.695
v  16.829 3.7964e-18 -0.062
v  16.969 -1.73594e-16 2.835
v  17.403 -7.20643e-16 11.769
v  17.097 -3.35431e-16 5.478
v  11.619 3.42901e-17 -0.56
v  0 0 0
v  6.359 1.87371e-17 -0.306
v  0.61 -7.7067e-16 12.586
v  0.305 -3.85458e-16 6.295

# 0 UV coordinates

# 35 vertex normals
vn 0.00303215 0.998052 0.0623205
vn 0.00308423 0.998062 0.0621587
vn 0.00301777 0.998037 0.0625545
vn 0.00301353 0.998112 0.0613483
vn 0.00338808 0.997513 0.0704079
vn 0.00336735 0.997552 0.0698508
vn 0 1 0
vn -0.00303404 0.998049 -0.0623594
vn -0.00303389 0.998049 -0.0623599
vn 0.999039 0 -0.0438269
vn 0.998803 5.18325e-05 -0.0489115
vn 0.998834 8.73371e-06 -0.0482688
vn 0.998829 4.2582e-05 -0.0483705
vn 0.998819 0.000172853 -0.0485942
vn 0.999026 -0.00518633 -0.0438263
vn 0.998803 0.000481355 -0.0489147
vn 0.998834 -0.000201185 -0.0482693
vn 0.998822 0 -0.0485212
vn -3.01845e-20 -1 -6.1233e-17
vn -0.0480696 0 -0.998844
vn -0.0482328 -7.54506e-05 -0.998836
vn -0.0480652 8.08706e-05 -0.998844
vn -0.0480696 7.41585e-05 -0.998844
vn -0.048141 6.11613e-17 -0.998841
vn 1.47023e-22 -1 -6.12274e-17
vn -0.998828 -2.9633e-18 0.0483944
vn -0.998827 -1.8577e-05 0.0484262
vn -0.998828 0 0.0484097
vn 0 1 6.12282e-17
vn 0.0485938 -0 0.998819
vn -3.29856e-25 -1 -6.12323e-17
vn 1.58426e-23 -1 -6.12323e-17
vn -6.61531e-24 -1 -6.12323e-17
vn 1.04958e-24 -1 -6.12323e-17
vn 0 -1 -6.123e-17

# Mesh 'defaultobject' with 40 faces
g defaultobject
usemtl DefaultMaterial
f  1//1 2//1 3//1
f  2//2 1//2 4//2
f  2//3 4//3 5//3
f  2//4 5//4 6//4
f  2//5 6//5 7//5
f  7//6 6//6 8//6
f  7//7 8//7 9//7
f  3//8 10//8 1//8
f  10//8 3//8 11//9
f  6//10 12//10 8//10
f  12//11 6//11 5//11
f  12//12 5//12 4//12
f  12//13 4//13 1//13
f  12//14 1//14 10//14
f  12//15 10//15 13//15
f  13//16 10//16 14//16
f  14//17 10//17 15//17
f  15//18 10//18 16//18
f  15//19 16//19 17//19
f  12//20 9//20 8//20
f  9//21 12//21 7//21
f  7//22 12//22 2//22
f  2//22 12//22 18//23
f  2//24 18//24 19//24
f  19//25 18//25 20//25
f  19//26 3//26 2//26
f  3//27 19//27 11//27
f  11//28 19//28 21//28
f  21//29 19//29 22//29
f  21//30 10//30 11//30
f  10//30 21//30 16//30
f  20//25 22//31 19//25
f  22//31 20//25 21//32
f  21//32 20//25 16//19
f  16//19 20//25 18//25
f  16//19 18//25 17//19
f  17//19 18//25 13//33
f  13//33 18//25 12//34
f  17//19 13//33 15//19
f  15//19 13//33 14//35

