# File produced by Open Asset Import Library (http://www.assimp.sf.net)
# (assimp v3.1.0)

mtllib ID_25608.obj.mtl

# 16 vertex positions
v  12.143 7.743 6.276
v  4.702 11.545 -1.421
v  7.445 11.545 7.696
v  10.293 7.749 0.155
v  9.659 7.745 -1.968
v  9.395 7.746 -2.84
v  0 7.74 4.73938e-16
v  2.755 7.749 9.114
v  2.755 -5.58072e-16 9.114
v  12.143 -3.84294e-16 6.276
v  7.445 -4.71244e-16 7.696
v  10.293 -9.49101e-18 0.155
v  9.395 1.739e-16 -2.84
v  9.659 1.20505e-16 -1.968
v  0 0 0
v  4.702 8.70112e-17 -1.421

# 0 UV coordinates

# 24 vertex normals
vn 0.58644 0.790542 -0.17644
vn 0.586465 0.790516 -0.176477
vn 0.586478 0.790471 -0.176632
vn 0.586475 0.790469 -0.17665
vn -0.586422 0.790557 0.176435
vn -0.586463 0.790512 0.176497
vn 0.289368 5.27018e-05 0.957218
vn 0.289368 0 0.957218
vn 0.289368 0 0.957218
vn -2.69602e-20 -1 -6.13346e-17
vn 0.957235 0 -0.289313
vn 0.958181 0.00272386 -0.28615
vn 0.957234 -0.0009457 -0.289313
vn 0.957097 -0.00108078 -0.289765
vn 0.95787 0 -0.287201
vn 0 1 6.12324e-17
vn -0.289357 9.07005e-05 -0.957221
vn -0.289357 0 -0.957221
vn -0.289357 5.86129e-17 -0.957221
vn 0 -1 -6.12531e-17
vn -0.957223 0 0.289351
vn -0.957223 0 0.289351
vn 3.37642e-24 -1 -6.12323e-17
vn 1.52099e-25 -1 -6.12323e-17

# Mesh 'defaultobject' with 28 faces
g defaultobject
usemtl DefaultMaterial
f  1//1 2//1 3//1
f  2//2 1//2 4//2
f  2//3 4//3 5//3
f  2//4 5//4 6//4
f  7//5 3//5 2//5
f  3//6 7//6 8//6
f  8//7 1//7 3//7
f  1//8 8//8 9//8
f  1//8 9//8 10//9
f  10//10 9//10 11//10
f  10//11 4//11 1//11
f  4//12 10//12 5//12
f  5//13 10//13 12//13
f  5//14 12//14 6//14
f  6//15 12//15 13//15
f  13//16 12//16 14//16
f  6//17 7//17 2//17
f  7//18 6//18 13//18
f  7//18 13//18 15//19
f  15//20 13//20 16//20
f  7//21 9//21 8//21
f  9//21 7//21 15//22
f  15//20 11//10 9//10
f  11//10 15//20 10//10
f  10//10 15//20 12//23
f  12//23 15//20 14//24
f  14//24 15//20 16//20
f  14//24 16//20 13//20

