# {"id":"ID_8802","idOriginal":"ID_8802","origin":[14.316040407708947,48.35523750946034],"elevation":566.357}
# Longitude: 14.316040407708947
# Latitude: 48.35523750946034
# Elevation: 566.357

# File produced by Open Asset Import Library (http://www.assimp.sf.net)
# (assimp v3.1.0)

mtllib ID_8802.obj.mtl

# 35 vertex positions
v  6.426 7.922 -4.594
v  18.451 9.754 -5.705
v  15.047 7.922 -10.595
v  6.483 7.952 -4.512
v  9.748 9.754 0.353
v  6.401 7.952 -4.455
v  0 7.952 4.8692e-16
v  3.348 9.754 4.809
v  0.657 8.306 0.944
v  3.426 9.712 4.922
v  6.695 7.953 9.617
v  13.095 7.953 5.161
v  21.798 7.953 -0.897
v  15.047 6.48757e-16 -10.595
v  18.451 3.4933e-16 -5.705
v  21.798 5.49254e-17 -0.897
v  6.426 2.81301e-16 -4.594
v  6.483 2.7628e-16 -4.512
v  0 0 0
v  6.401 2.7279e-16 -4.455
v  0.657 -5.78033e-17 0.944
v  3.426 -3.01386e-16 4.922
v  6.695 -5.88871e-16 9.617
v  3.348 -2.94466e-16 4.809
v  13.095 -3.1602e-16 5.161
v  6.426 8.481 -4.594
v  11.901 7.13 -12.998
v  4.272 7.129 -7.688
v  15.047 8.481 -10.595
v  12.893 7.129 -13.689
v  13.694 7.632 -12.539
v  12.893 8.3821e-16 -13.689
v  13.694 7.67792e-16 -12.539
v  4.272 4.70754e-16 -7.688
v  11.901 7.95898e-16 -12.998

# 0 UV coordinates

# 55 vertex normals
vn -0.167907 0.955836 -0.241214
vn -0.167521 0.95771 -0.23394
vn -0.167967 0.955803 -0.241304
vn -0.16781 0.955804 -0.24141
vn -0.16795 0.955804 -0.241312
vn -0.167956 0.955824 -0.24123
vn 0.624612 0.481036 -0.615194
vn 0.167138 0.956263 0.240054
vn 0.167948 0.95584 0.241171
vn 0.167908 0.95585 0.24116
vn 0.16788 0.95585 0.241179
vn 0.16788 0.95585 0.241179
vn 0.820727 0 -0.57132
vn 0.820722 5.90144e-06 -0.571328
vn 0.820727 -8.45295e-06 -0.57132
vn 0.820721 0 -0.57133
vn -0.571307 0 -0.820736
vn -0.570773 0 -0.821108
vn -0.571249 -7.27189e-06 -0.820777
vn -0.571243 5.02584e-17 -0.820781
vn 2.35217e-19 1 6.1862e-17
vn -0.82111 0 0.57077
vn -0.820781 -3.49785e-17 0.571243
vn -0.820671 -2.66734e-05 0.571401
vn -0.822623 0.00203192 0.568584
vn -0.82068 -7.48392e-05 0.571389
vn -0.820781 0.000187254 0.571243
vn -0.820741 9.41133e-05 0.5713
vn -0.820666 0 0.571408
vn 6.33241e-21 -1 -6.12356e-17
vn 0.571395 -0 0.820675
vn 0.571302 0.000111095 0.82074
vn 0.571395 -0.00015106 0.820675
vn 0.571302 0 0.82074
vn 0 -1 -6.12324e-17
vn 3.44153e-24 -1 -6.12323e-17
vn 2.68139e-23 -1 -6.12323e-17
vn -6.8177e-24 -1 -6.12323e-17
vn 0 -1 -6.12323e-17
vn -9.49141e-24 -1 -6.12323e-17
vn -0.19293 0.941299 -0.277009
vn -0.19275 0.941367 -0.276903
vn -0.192309 0.941299 -0.277441
vn -0.751926 0.606456 0.258492
vn 0.820776 0 -0.57125
vn 0.820591 -0.000100463 -0.571516
vn 0.8207 0 -0.57136
vn -9.97405e-20 1 6.12961e-17
vn -0.571573 0 -0.820551
vn -0.571273 6.21779e-05 -0.82076
vn -0.571307 -0 -0.820736
vn -5.13992e-20 -1 -6.12679e-17
vn -0.8207 0 0.57136
vn 0.571307 -0 0.820736
vn 0 -1 -6.12323e-17

# Mesh 'defaultobject' with 66 faces
g defaultobject
usemtl DefaultMaterial
f  1//1 2//1 3//1
f  2//2 1//2 4//2
f  2//3 4//3 5//3
f  5//4 4//4 6//4
f  5//5 6//5 7//5
f  5//6 7//6 8//6
f  8//7 7//7 9//7
f  10//8 5//8 8//8
f  5//9 10//9 11//9
f  5//10 11//10 12//10
f  5//11 12//11 2//11
f  2//11 12//11 13//12
f  2//13 14//13 3//13
f  14//14 2//14 13//14
f  14//13 13//15 15//15
f  15//16 13//14 16//16
f  14//17 1//17 3//17
f  1//17 14//17 17//17
f  18//18 6//18 4//18
f  6//19 18//19 7//19
f  7//20 18//20 19//20
f  19//21 18//21 20//21
f  1//22 18//22 4//22
f  18//22 1//22 17//22
f  19//23 9//23 7//23
f  9//24 19//24 8//24
f  8//25 19//25 10//25
f  10//26 19//26 11//26
f  11//27 19//27 21//27
f  11//28 21//28 22//28
f  11//29 22//29 23//29
f  22//30 21//30 24//30
f  23//31 12//31 11//31
f  12//32 23//32 13//32
f  13//33 23//33 25//33
f  13//34 25//34 16//34
f  14//35 18//35 17//35
f  18//35 14//35 25//36
f  25//36 14//35 15//37
f  25//36 15//37 16//38
f  20//39 21//30 19//39
f  21//30 20//39 24//30
f  24//30 20//39 22//30
f  22//30 20//39 23//40
f  23//40 20//39 25//36
f  25//36 20//39 18//35
f  26//41 27//41 28//41
f  27//42 26//42 29//42
f  27//43 29//43 30//43
f  30//44 29//44 31//44
f  14//45 31//45 29//45
f  31//46 14//46 30//46
f  30//47 14//47 32//47
f  32//48 14//48 33//48
f  32//49 27//49 30//49
f  27//50 32//50 28//50
f  28//51 32//51 34//51
f  34//52 32//52 35//52
f  28//53 17//53 26//53
f  17//53 28//53 34//53
f  17//54 29//54 26//54
f  29//54 17//54 14//54
f  17//35 33//55 14//35
f  33//55 17//35 32//52
f  32//52 17//35 35//52
f  35//52 17//35 34//52

