# {"id":"ID_24079","idOriginal":"ID_24079","origin":[14.369866452632474,48.24757443353556],"elevation":250.01}
# Longitude: 14.369866452632474
# Latitude: 48.24757443353556
# Elevation: 250.01

# File produced by Open Asset Import Library (http://www.assimp.sf.net)
# (assimp v3.1.0)

mtllib ID_24079.obj.mtl

# 12 vertex positions
v  11.912 6.143 3.202
v  1.438 5.758 -5.35
v  0 6.143 3.7615e-16
v  2.187 5.557 -8.136
v  12.553 5.557 -5.35
v  14.09 5.557 -4.937
v  14.09 3.02304e-16 -4.937
v  2.187 4.98186e-16 -8.136
v  12.553 3.27593e-16 -5.35
v  0 0 0
v  1.438 3.27593e-16 -5.35
v  11.912 -1.96066e-16 3.202

# 0 UV coordinates

# 18 vertex normals
vn 0.017997 0.997594 -0.0669522
vn 0.0181188 0.997582 -0.0671007
vn 0.018009 0.99759 -0.067007
vn 0.0180052 0.99759 -0.0670073
vn 0.2595 0 -0.965743
vn 0.259552 1.55007e-05 -0.965729
vn 0.259546 0 -0.965731
vn 0 -1 -6.12458e-17
vn -0.965709 0 -0.259625
vn -0.965724 -2.86679e-05 -0.25957
vn -0.965719 1.58953e-17 -0.25959
vn 0 1 6.12061e-17
vn -0.25959 -5.91332e-17 0.965719
vn -0.25959 0 0.965719
vn 0.96601 -0 0.258505
vn -0 -1 -6.12323e-17
vn -1.27413e-25 -1 -6.12323e-17
vn 0 -1 -6.12323e-17

# Mesh 'defaultobject' with 20 faces
g defaultobject
usemtl DefaultMaterial
f  1//1 2//1 3//1
f  2//2 1//2 4//2
f  4//3 1//3 5//3
f  5//3 1//3 6//4
f  7//5 5//5 6//5
f  5//6 7//6 4//6
f  4//7 7//7 8//7
f  8//8 7//8 9//8
f  8//9 2//9 4//9
f  2//10 8//10 3//10
f  3//11 8//11 10//11
f  10//12 8//12 11//12
f  10//13 1//13 3//13
f  1//13 10//13 12//14
f  12//15 6//15 1//15
f  6//15 12//15 7//15
f  9//8 11//16 8//8
f  11//16 9//8 7//8
f  11//16 7//8 12//17
f  11//16 12//17 10//18

