# {"id":"ID_111","idOriginal":"ID_111","origin":[14.303794113169415,48.28955198221499],"elevation":260.16}
# Longitude: 14.303794113169415
# Latitude: 48.28955198221499
# Elevation: 260.16

# File produced by Open Asset Import Library (http://www.assimp.sf.net)
# (assimp v3.1.0)

mtllib ID_111.obj.mtl

# 68 vertex positions
v  103.098 14.315 -9.456
v  89.346 14.315 -61.567
v  74.31 14.315 -51.206
v  97.891 14.315 -30.399
v  104.687 14.315 -10.554
v  104.687 6.46246e-16 -10.554
v  97.891 1.8614e-15 -30.399
v  89.346 3.76989e-15 -61.567
v  74.31 3.13546e-15 -51.206
v  103.098 5.79013e-16 -9.456
v  67.01 17.409 -46.175
v  86.831 14.116 1.786
v  95.804 17.409 -4.416
v  58.028 14.116 -39.986
v  58.028 2.44844e-15 -39.986
v  86.831 -1.09361e-16 1.786
v  95.804 2.70402e-16 -4.416
v  67.01 2.8274e-15 -46.175
v  74.31 17.285 -51.206
v  98.699 15.488 -6.416
v  103.098 17.285 -9.456
v  95.804 14.306 -4.416
v  67.01 14.306 -46.175
v  98.699 3.92867e-16 -6.416
v  32.683 13.896 -22.522
v  70.341 17.332 13.182
v  41.522 17.332 -28.612
v  61.502 13.896 19.273
v  69.967 17.186 13.44
v  61.502 -1.18013e-15 19.273
v  70.341 -8.07165e-16 13.182
v  69.967 -8.22963e-16 13.44
v  41.522 1.75198e-15 -28.612
v  32.683 1.37907e-15 -22.522
v  78.487 13.975 7.552
v  58.028 17.278 -39.986
v  49.676 13.975 -34.231
v  86.831 17.278 1.786
v  78.487 -4.62427e-16 7.552
v  49.676 2.09604e-15 -34.231
v  15.759 17.38 -10.86
v  36.236 14.01 36.685
v  44.579 17.38 30.936
v  7.416 14.01 -5.11
v  7.416 3.12897e-16 -5.11
v  36.236 -2.24631e-15 36.685
v  44.579 -1.89428e-15 30.936
v  15.759 6.64983e-16 -10.86
v  24.555 17.28 -16.92
v  44.579 14.31 30.936
v  53.374 17.28 24.875
v  15.759 14.31 -10.86
v  53.374 -1.52315e-15 24.875
v  24.555 1.03605e-15 -16.92
v  32.683 17.28 -22.522
v  53.374 13.956 24.875
v  61.502 17.28 19.273
v  24.555 13.956 -16.92
v  7.416 17.08 -5.11
v  28.82 14.143 41.796
v  36.236 17.08 36.685
v  0 14.143 8.66009e-16
v  0 0 0
v  28.82 -2.55927e-15 41.796
v  49.676 17.488 -34.231
v  70.341 13.901 13.182
v  78.487 17.488 7.552
v  41.522 13.901 -28.612

# 0 UV coordinates

# 91 vertex normals
vn 0 1 0
vn 0.946063 0 -0.323983
vn 0.964412 0 -0.264403
vn -0.567412 0 -0.823434
vn -0.82326 0 0.567665
vn 0.568483 -0 0.822695
vn 0 -1 -6.12323e-17
vn 0 -1 -6.12324e-17
vn 2.71515e-24 -1 -6.12323e-17
vn -0.237932 0.957326 0.164061
vn -0.237932 0.957326 0.164061
vn -0.823261 0 0.567662
vn 0.568585 0 0.822624
vn 0.568585 0 0.822624
vn 0.823262 0 -0.567662
vn -0.567392 0 -0.823448
vn 2.14261e-23 -1 -6.12324e-17
vn -3.06184e-24 -1 -6.12323e-17
vn -0.262253 0.947904 0.180832
vn -0.262148 0.947944 0.180777
vn -0.26222 0.947918 0.180808
vn -0.823262 0 0.567662
vn 0.568519 0 0.82267
vn 0.56841 -4.58196e-05 0.822746
vn 0.568471 0 0.822703
vn -3.79953e-20 1 6.11725e-17
vn 0.82326 0 -0.567665
vn -0.567467 0 -0.823396
vn -0.567467 -0 -0.823396
vn 5.6993e-20 -1 -6.11725e-17
vn -0.250985 0.952394 0.173066
vn -0.250975 0.952399 0.173055
vn 0.426127 0.368456 0.82623
vn 0.567408 -0 0.823437
vn 0.567936 -0.000383726 0.823073
vn 0.567426 0 0.823425
vn 1.28498e-19 1 6.14221e-17
vn 0.823254 0 -0.567674
vn -0.567363 0 -0.823468
vn -0.82326 0 0.567664
vn 8.95092e-23 -1 -6.12324e-17
vn -2.59682e-23 -1 -6.12323e-17
vn 3.10876e-24 -1 -6.12323e-17
vn -0.254918 0.950852 0.175776
vn -0.254927 0.950849 0.175779
vn 0.568502 0 0.822682
vn 0.568502 0 0.822682
vn 0.823261 0 -0.567663
vn -0.567399 0 -0.823443
vn -0.567399 -0 -0.823443
vn -0.823258 0 0.567668
vn 0 -1 -6.12323e-17
vn -0.259829 0.948889 0.179162
vn -0.259814 0.948894 0.179156
vn -0.823251 0 0.567678
vn 0.567412 0 0.823434
vn 0.823257 0 -0.567668
vn -0.567479 0 -0.823388
vn 6.58643e-24 -1 -6.12323e-17
vn -1.64667e-23 -1 -6.12323e-17
vn -0.220548 0.963448 0.152075
vn -0.220542 0.96345 0.152072
vn -0.823257 0 0.567669
vn 0.567446 0 0.82341
vn 0.567446 0 0.82341
vn 0.82326 0 -0.567664
vn -0.567339 0 -0.823484
vn -0.567339 -0 -0.823484
vn -9.37179e-24 -1 -6.12323e-17
vn 6.24818e-24 -1 -6.12323e-17
vn -0.262719 0.947714 0.181153
vn 0.567492 0 0.823379
vn 0.567491 0 0.823379
vn -0.567492 0 -0.823379
vn -0.567491 -0 -0.823379
vn -0.255229 0.950728 0.175995
vn -0.255246 0.950722 0.176002
vn -0.823257 -3.47597e-17 0.567668
vn -0.823257 0 0.567668
vn 0.567471 0 0.823393
vn 0.567471 0 0.823393
vn 0.823251 0 -0.567678
vn -0.567396 0 -0.823445
vn -0.567396 5.04215e-17 -0.823445
vn -3.70507e-24 -1 -6.12323e-17
vn -0.280389 0.940214 0.193339
vn -0.280379 0.940218 0.193335
vn -0.823254 0 0.567674
vn 0.568559 0 0.822643
vn 0.823258 0 -0.567668
vn -0.567428 0 -0.823423

# Mesh 'defaultobject' with 132 faces
g defaultobject
usemtl DefaultMaterial
f  1//1 2//1 3//1
f  2//1 1//1 4//1
f  4//1 1//1 5//1
f  6//2 4//2 5//2
f  4//2 6//2 7//2
f  7//3 2//3 4//3
f  2//3 7//3 8//3
f  8//4 3//4 2//4
f  3//4 8//4 9//4
f  9//5 1//5 3//5
f  1//5 9//5 10//5
f  10//6 5//6 1//6
f  5//6 10//6 6//6
f  7//7 9//7 8//7
f  9//7 7//7 10//8
f  10//8 7//7 6//9
f  11//10 12//10 13//10
f  12//10 11//10 14//11
f  15//12 12//12 14//12
f  12//12 15//12 16//12
f  12//13 17//13 13//13
f  17//13 12//13 16//14
f  17//15 11//15 13//15
f  11//15 17//15 18//15
f  18//16 14//16 11//16
f  14//16 18//16 15//16
f  18//17 16//17 15//17
f  16//17 18//17 17//18
f  19//19 20//19 21//19
f  20//20 19//20 22//20
f  22//21 19//21 23//21
f  18//22 22//22 23//22
f  22//22 18//22 17//22
f  20//23 10//23 21//23
f  10//24 20//24 22//24
f  10//25 22//25 17//25
f  10//26 17//26 24//26
f  10//27 19//27 21//27
f  19//27 10//27 9//27
f  9//28 23//28 19//28
f  23//28 9//28 18//29
f  9//7 17//18 18//17
f  17//18 9//7 10//8
f  17//18 10//8 24//30
f  25//31 26//31 27//31
f  26//32 25//32 28//32
f  26//33 28//33 29//33
f  30//34 29//34 28//34
f  29//35 30//35 26//35
f  26//36 30//36 31//36
f  31//37 30//37 32//37
f  31//38 27//38 26//38
f  27//38 31//38 33//38
f  33//39 25//39 27//39
f  25//39 33//39 34//39
f  34//40 28//40 25//40
f  28//40 34//40 30//40
f  32//41 33//41 31//41
f  33//41 32//41 30//42
f  33//41 30//42 34//43
f  35//44 36//44 37//44
f  36//45 35//45 38//45
f  35//46 16//46 38//46
f  16//46 35//46 39//47
f  16//48 36//48 38//48
f  36//48 16//48 15//48
f  15//16 37//49 36//49
f  37//49 15//16 40//50
f  40//51 35//51 37//51
f  35//51 40//51 39//51
f  40//52 16//17 39//52
f  16//17 40//52 15//17
f  41//53 42//53 43//53
f  42//54 41//54 44//54
f  45//55 42//55 44//55
f  42//55 45//55 46//55
f  42//56 47//56 43//56
f  47//56 42//56 46//56
f  47//57 41//57 43//57
f  41//57 47//57 48//57
f  48//58 44//58 41//58
f  44//58 48//58 45//58
f  48//59 46//59 45//59
f  46//59 48//59 47//60
f  49//61 50//61 51//61
f  50//61 49//61 52//62
f  48//63 50//63 52//63
f  50//63 48//63 47//63
f  50//64 53//64 51//64
f  53//64 50//64 47//65
f  53//66 49//66 51//66
f  49//66 53//66 54//66
f  54//67 52//67 49//67
f  52//67 54//67 48//68
f  54//69 47//60 48//59
f  47//60 54//69 53//70
f  55//71 56//71 57//71
f  56//71 55//71 58//71
f  54//40 56//40 58//40
f  56//40 54//40 53//40
f  56//72 30//72 57//72
f  30//72 56//72 53//73
f  30//66 55//66 57//66
f  55//66 30//66 34//66
f  34//74 58//74 55//74
f  58//74 34//74 54//75
f  34//43 53//70 54//69
f  53//70 34//43 30//42
f  59//76 60//76 61//76
f  60//77 59//77 62//77
f  63//78 60//78 62//78
f  60//78 63//78 64//79
f  60//80 46//80 61//80
f  46//80 60//80 64//81
f  46//82 59//82 61//82
f  59//82 46//82 45//82
f  45//83 62//83 59//83
f  62//83 45//83 63//84
f  45//59 64//85 63//85
f  64//85 45//59 46//59
f  65//86 66//86 67//86
f  66//87 65//87 68//87
f  33//88 66//88 68//88
f  66//88 33//88 31//88
f  66//89 39//89 67//89
f  39//89 66//89 31//89
f  39//90 65//90 67//90
f  65//90 39//90 40//90
f  40//91 68//91 65//91
f  68//91 40//91 33//91
f  40//52 31//41 33//41
f  31//41 40//52 39//52

