# {"id":"ID_9871","idOriginal":"ID_9871","origin":[14.303645805612593,48.28477579900408],"elevation":260.5,"wof":[{"Id":102049853,"Name":"Linz","Placetype":"county","Offset":-1},{"Id":101748071,"Name":"Linz","Placetype":"locality","Offset":-1},{"Id":85632785,"Name":"Austria","Placetype":"country","Offset":-1},{"Id":85681677,"Name":"Oberösterreich","Placetype":"region","Offset":-1},{"Id":85898459,"Name":"Wegscheid","Placetype":"neighbourhood","Offset":-1}]}

# Attribution: City of Linz <http://geo.data.linz.gv.at/katalog/geodata/3d_geo_daten_lod2/>
# Longitude: 14.303645805612593
# Latitude: 48.28477579900408
# Elevation: 260.5

# File produced by Open Asset Import Library (http://www.assimp.sf.net)
# (assimp v3.1.0)


# 36 vertex positions
v  5.729 30.78 3.396
v  14.153 30.78 1.335
v  10.467 30.78 -1.941
v  9.414 30.78 6.672
v  9.414 -4.08542e-16 6.672
v  14.153 -8.17452e-17 1.335
v  10.467 1.18852e-16 -1.941
v  5.729 -2.07945e-16 3.396
v  0.104 28.54 0.092
v  0.842 28.54 -0.947
v  0 28.54 1.74757e-15
v  5.584 28.54 -6.281
v  8.603 28.54 -9.676
v  8.782 28.54 -9.877
v  22.49 28.54 2.248
v  22.315 28.54 2.445
v  13.685 28.54 12.164
v  21.783 28.54 3.045
v  19.266 28.54 5.88
v  14.527 28.54 11.216
v  8.782 6.04792e-16 -9.877
v  0 0 0
v  0.842 5.7987e-17 -0.947
v  8.603 5.92484e-16 -9.676
v  5.584 3.846e-16 -6.281
v  13.685 -7.4483e-16 12.164
v  0.104 -5.63338e-18 0.092
v  22.315 -1.49713e-16 2.445
v  22.49 -1.3765e-16 2.248
v  14.527 -6.86782e-16 11.216
v  19.266 -3.60046e-16 5.88
v  21.783 -1.86452e-16 3.045
v  9.414 28.54 6.672
v  14.153 28.54 1.335
v  10.467 28.54 -1.941
v  5.729 28.54 3.396

# 0 UV coordinates

# 42 vertex normals
vn 0 1 0
vn 0.747757 -0 0.663972
vn 0.664313 0 -0.747454
vn -0.747827 0 -0.663894
vn -0.664414 0 0.747365
vn 3.76079e-24 -1 -6.12323e-17
vn 1.50423e-24 -1 -6.12323e-17
vn -0.746795 0 -0.665055
vn -0.747276 -6.82551e-06 -0.664514
vn -0.747363 -2.89624e-05 -0.664416
vn -0.747322 -3.30939e-06 -0.664462
vn -0.747317 4.06869e-17 -0.664467
vn 0 1 6.12385e-17
vn 0 1 6.13809e-17
vn 0 1 6.11816e-17
vn -0.662574 -4.58628e-17 0.748997
vn -0.664364 1.16393e-05 0.747409
vn -0.66435 0 0.747421
vn 0 -1 -6.12585e-17
vn 0.74767 -0 0.66407
vn 0.747695 -1.66688e-06 0.664042
vn 0.747802 -4.90595e-05 0.663922
vn 0.748235 -0.000327596 0.663434
vn 0.74762 9.40629e-05 0.664127
vn 0.747757 -1.90632e-06 0.663972
vn 0.74762 0 0.664127
vn 1.96152e-19 1 6.11996e-17
vn -2.35167e-20 1 6.12139e-17
vn -2.67153e-20 1 6.12049e-17
vn 0.662534 0 -0.749032
vn -0.747757 0 -0.663972
vn -0.664313 0 0.747454
vn 0.747827 -0 0.663894
vn 0.664414 0 -0.747365
vn -3.67645e-23 -1 -6.12323e-17
vn 0 -1 -6.12323e-17
vn 6.48255e-24 -1 -6.12323e-17
vn 3.05137e-24 -1 -6.12323e-17
vn 1.01867e-23 -1 -6.12323e-17
vn -1.80366e-23 -1 -6.12323e-17
vn -1.37222e-23 -1 -6.12323e-17
vn 0 -1 -6.12322e-17

# Mesh 'defaultobject' with 64 faces
g defaultobject
usemtl DefaultMaterial
f  1//1 2//1 3//1
f  2//1 1//1 4//1
f  5//2 2//2 4//2
f  2//2 5//2 6//2
f  6//3 3//3 2//3
f  3//3 6//3 7//3
f  7//4 1//4 3//4
f  1//4 7//4 8//4
f  8//5 4//5 1//5
f  4//5 8//5 5//5
f  8//6 6//6 5//6
f  6//6 8//6 7//7
f  9//1 10//1 11//1
f  10//1 9//1 12//1
f  12//1 9//1 13//1
f  13//1 9//1 14//1
f  14//1 9//1 15//1
f  15//1 9//1 16//1
f  16//1 9//1 17//1
f  16//1 17//1 18//1
f  18//1 17//1 19//1
f  19//1 17//1 20//1
f  21//8 13//8 14//8
f  13//9 21//9 12//9
f  12//10 21//10 10//10
f  10//11 21//11 11//11
f  11//11 21//11 22//12
f  22//13 21//13 23//13
f  23//13 21//13 24//14
f  23//13 24//14 25//15
f  22//16 9//16 11//16
f  9//17 22//17 17//17
f  17//18 22//18 26//18
f  26//19 22//19 27//19
f  26//20 20//20 17//20
f  20//21 26//21 19//21
f  19//22 26//22 18//22
f  18//23 26//23 16//23
f  16//24 26//24 15//24
f  15//25 26//25 28//25
f  15//26 28//26 29//26
f  28//27 26//27 30//27
f  28//27 30//27 31//28
f  28//27 31//28 32//29
f  29//30 14//30 15//30
f  14//30 29//30 21//30
f  6//31 33//31 34//31
f  33//31 6//31 5//31
f  7//32 34//32 35//32
f  34//32 7//32 6//32
f  8//33 35//33 36//33
f  35//33 8//33 7//33
f  5//34 36//34 33//34
f  36//34 5//34 8//34
f  27//19 30//35 26//19
f  30//35 27//19 22//19
f  30//35 22//19 23//36
f  30//35 23//36 31//37
f  31//37 23//36 25//36
f  31//37 25//36 32//38
f  32//38 25//36 24//39
f  32//38 24//39 28//40
f  28//40 24//39 29//41
f  29//41 24//39 21//42

