# {"id":"_19276","idOriginal":"_19276","origin":[14.303224552939621,48.30631703844417],"elevation":258.848}
# Longitude: 14.303224552939621
# Latitude: 48.30631703844417
# Elevation: 258.848

# File produced by Open Asset Import Library (http://www.assimp.sf.net)
# (assimp v3.1.0)

mtllib _19276.obj.mtl

# 20 vertex positions
v  6.866 11.55 -3.916
v  14.33 19.087 -1.91
v  11.642 11.55 -6.64
v  2.695 19.087 4.726
v  4.948 11.55 -2.822
v  0 11.55 7.07234e-16
v  10.341 11.552 6.626
v  5.392 11.542 9.457
v  12.056 11.555 5.645
v  17.012 11.566 2.81
v  11.642 4.06583e-16 -6.64
v  4.948 1.72798e-16 -2.822
v  0 0 0
v  6.866 2.39786e-16 -3.916
v  5.392 -5.79074e-16 9.457
v  2.695 -2.89384e-16 4.726
v  10.341 -4.05725e-16 6.626
v  17.012 -1.72063e-16 2.81
v  12.056 -3.45657e-16 5.645
v  14.33 1.16954e-16 -1.91

# 0 UV coordinates

# 34 vertex normals
vn -0.401713 0.585281 -0.704325
vn -0.401711 0.58528 -0.704327
vn -0.401737 0.585264 -0.704325
vn -0.401702 0.58528 -0.704331
vn 0.401726 0.585249 0.704343
vn 0.401723 0.585247 0.704347
vn 0.401866 0.58516 0.704338
vn 0.40163 0.585273 0.704379
vn -0.495434 0 -0.868646
vn -0.495456 -1.21719e-05 -0.868633
vn -0.49542 1.51044e-05 -0.868653
vn -0.49544 -1.11431e-05 -0.868642
vn -0.49542 5.31897e-17 -0.868653
vn 8.51398e-20 1 6.13007e-17
vn -0.868718 4.90008e-05 0.495308
vn -0.868718 0 0.495308
vn -0.868718 0 0.495308
vn 0 -1 -6.12255e-17
vn 0.496536 -0 0.868016
vn 0.49652 8.63489e-06 0.868025
vn 0.496535 -2.57634e-06 0.868017
vn 0.496536 -3.29733e-06 0.868016
vn 0.496531 0 0.868019
vn 2.77556e-19 1 6.10623e-17
vn 0.86943 -1.83663e-05 -0.494057
vn 0.86943 0 -0.494057
vn 0.869417 2.38858e-05 -0.494079
vn 0.869442 0 -0.494035
vn 1.70504e-24 -1 -6.12323e-17
vn -6.15344e-24 -1 -6.12323e-17
vn 0 -1 -6.12323e-17
vn 8.82319e-24 -1 -6.12323e-17
vn -7.09408e-24 -1 -6.12323e-17
vn 3.53962e-24 -1 -6.12324e-17

# Mesh 'defaultobject' with 36 faces
g defaultobject
usemtl DefaultMaterial
f  1//1 2//1 3//1
f  2//1 1//1 4//2
f  4//3 1//3 5//3
f  4//4 5//4 6//4
f  7//5 4//5 8//5
f  4//5 7//5 2//6
f  2//7 7//7 9//7
f  2//8 9//8 10//8
f  11//9 1//9 3//9
f  1//10 11//10 5//10
f  5//11 11//11 6//11
f  6//12 11//12 12//12
f  6//13 12//13 13//13
f  12//14 11//14 14//14
f  6//15 8//15 4//15
f  8//16 6//16 13//16
f  8//16 13//16 15//17
f  15//18 13//18 16//18
f  15//19 7//19 8//19
f  7//20 15//20 9//20
f  9//21 15//19 10//21
f  10//21 15//19 17//22
f  10//21 17//22 18//23
f  18//24 17//24 19//24
f  10//25 3//25 2//25
f  3//26 10//26 11//26
f  11//27 10//27 20//27
f  20//28 10//28 18//28
f  16//18 17//29 15//18
f  17//29 16//18 13//18
f  17//29 13//18 19//30
f  19//30 13//18 12//31
f  19//30 12//31 18//31
f  18//31 12//31 14//32
f  18//31 14//32 20//33
f  20//33 14//32 11//34

