# {"id":"ID_17759","idOriginal":"ID_17759","origin":[14.279926527646904,48.31768575937333],"elevation":276.92,"wof":[{"Id":85632785,"Name":"Austria","Placetype":"country","Offset":-1},{"Id":101748071,"Name":"Linz","Placetype":"locality","Offset":-1},{"Id":102049853,"Name":"Linz","Placetype":"county","Offset":-1},{"Id":85681677,"Name":"Oberösterreich","Placetype":"region","Offset":-1},{"Id":85898453,"Name":"Urfahr","Placetype":"neighbourhood","Offset":-1}]}

# Attribution: City of Linz <http://geo.data.linz.gv.at/katalog/geodata/3d_geo_daten_lod2/>
# Longitude: 14.279926527646904
# Latitude: 48.31768575937333
# Elevation: 276.92

# File produced by Open Asset Import Library (http://www.assimp.sf.net)
# (assimp v3.1.0)


# 26 vertex positions
v  3.373 8.9 -8.045
v  17.413 8.9 -4.777
v  4.307 8.9 -10.272
v  16.672 8.9 -2.469
v  17.598 8.9 -4.699
v  17.584 8.9 -4.63
v  3.373 4.92614e-16 -8.045
v  16.672 1.51183e-16 -2.469
v  17.584 2.83506e-16 -4.63
v  17.598 2.87731e-16 -4.699
v  4.307 6.28979e-16 -10.272
v  17.413 2.92507e-16 -4.777
v  0.646 12.315 -1.54
v  16.672 12.315 -2.469
v  3.373 12.315 -8.045
v  13.93 12.315 4.03
v  0.646 9.42978e-17 -1.54
v  13.93 -2.46766e-16 4.03
v  0 8.612 5.27333e-16
v  13.93 11.589 4.03
v  0.646 11.589 -1.54
v  13.277 8.595 5.577
v  13.324 8.81 5.466
v  13.277 -3.41493e-16 5.577
v  13.324 -3.34696e-16 5.466
v  0 0 0

# 0 UV coordinates

# 33 vertex normals
vn -0 1 0
vn -0.386668 0 0.922219
vn 0.921314 -0 0.388819
vn 0.980031 -0 0.198847
vn 0.388504 0 -0.921447
vn 0.386663 -4.50406e-05 -0.922221
vn 0.386689 0 -0.92221
vn 0 1 6.12409e-17
vn -0.92218 0 -0.386761
vn -3.04033e-24 -1 -6.12323e-17
vn 6.17003e-24 -1 -6.12323e-17
vn -5.25618e-23 -1 -6.12324e-17
vn 4.85017e-23 -1 -6.12325e-17
vn -0.386685 0 0.922212
vn 0.921352 -0 0.388729
vn 0.386668 0 -0.922219
vn -0.92224 0 -0.386618
vn 0 -1 -6.12323e-17
vn -0.337245 0.489247 0.804303
vn -0.337243 0.489164 0.804355
vn -0.566604 0.472461 0.675086
vn 0.921321 0 0.388803
vn 0.920965 -0.000161654 0.389645
vn 0.921288 0 0.388882
vn 1.17205e-19 1 6.12981e-17
vn 0.386685 0 -0.922212
vn -0.922153 0 -0.386825
vn -0.922153 2.36862e-17 -0.386825
vn -0.387271 -5.64541e-17 0.921966
vn -0.387271 0 0.921966
vn 4.71596e-24 -1 -6.12323e-17
vn -1.21942e-22 -1 -6.12322e-17
vn 4.40258e-24 -1 -6.12323e-17

# Mesh 'defaultobject' with 48 faces
g defaultobject
usemtl DefaultMaterial
f  1//1 2//1 3//1
f  2//1 1//1 4//1
f  2//1 4//1 5//1
f  5//1 4//1 6//1
f  7//2 4//2 1//2
f  4//2 7//2 8//2
f  8//3 6//3 4//3
f  6//3 8//3 9//3
f  9//4 5//4 6//4
f  5//4 9//4 10//4
f  10//5 2//5 5//5
f  2//6 10//6 3//6
f  3//7 10//7 11//7
f  11//8 10//8 12//8
f  11//9 1//9 3//9
f  1//9 11//9 7//9
f  11//10 8//10 7//10
f  8//10 11//10 12//11
f  8//10 12//11 9//12
f  9//12 12//11 10//13
f  13//1 14//1 15//1
f  14//1 13//1 16//1
f  17//14 16//14 13//14
f  16//14 17//14 18//14
f  18//15 14//15 16//15
f  14//15 18//15 8//15
f  8//16 15//16 14//16
f  15//16 8//16 7//16
f  7//17 13//17 15//17
f  13//17 7//17 17//17
f  17//18 8//10 18//18
f  8//10 17//18 7//10
f  19//19 20//19 21//19
f  20//20 19//20 22//20
f  20//21 22//21 23//21
f  23//22 18//22 20//22
f  18//23 23//23 22//23
f  18//24 22//24 24//24
f  18//25 24//25 25//25
f  18//26 21//26 20//26
f  21//26 18//26 17//26
f  17//27 19//27 21//27
f  19//27 17//27 26//28
f  26//29 22//29 19//29
f  22//29 26//29 24//30
f  25//31 17//18 18//18
f  17//18 25//31 24//32
f  17//18 24//32 26//33

