# File produced by Open Asset Import Library (http://www.assimp.sf.net)
# (assimp v3.1.0)

mtllib ID_23932.obj.mtl

# 22 vertex positions
v  3.96 10.14 -2.841
v  13.169 10.14 -5.694
v  11.389 10.14 -8.171
v  16.402 10.14 -2.907
v  15.59 10.14 -2.324
v  8.157 10.14 3
v  13.981 10.14 -6.277
v  8.157 -1.83697e-16 3
v  16.402 1.78002e-16 -2.907
v  15.59 1.42304e-16 -2.324
v  13.981 3.84355e-16 -6.277
v  13.169 3.48657e-16 -5.694
v  11.389 5.00329e-16 -8.171
v  3.96 1.73961e-16 -2.841
v  0 8.493 5.20046e-16
v  8.157 8.065 3
v  3.96 8.065 -2.841
v  4.183 8.494 5.843
v  5.618 8.339 4.818
v  4.183 -3.57781e-16 5.843
v  5.618 -2.95017e-16 4.818
v  0 0 0

# 0 UV coordinates

# 29 vertex normals
vn 0 1 0
vn 0.582303 -0 0.812972
vn 0.583223 -0.00102122 0.812311
vn 0.582394 0 0.812907
vn -1.40645e-20 1 6.12136e-17
vn 0.812151 0 -0.583447
vn 0.812069 0 -0.583562
vn -0.583223 0 -0.812312
vn -0.582944 0 -0.812512
vn -0.812096 0 0.583524
vn -2.55261e-23 -1 -6.12323e-17
vn -1.11602e-23 -1 -6.12323e-17
vn 7.67697e-23 -1 -6.12323e-17
vn -1.51852e-23 -1 -6.12323e-17
vn 0 -1 -6.12323e-17
vn 0.0710436 0.996166 -0.0510478
vn 0.0710352 0.996168 -0.0510246
vn 0.14626 0.987694 0.0553989
vn 0.581238 -0 0.813733
vn 0.58216 -0.000239597 0.813074
vn 0.581838 0 0.813304
vn 1.24959e-20 1 6.12468e-17
vn 0.812096 0 -0.583524
vn -0.582925 0 -0.812526
vn -0.582926 0 -0.812526
vn -0.813112 0 0.582107
vn -0.813112 0 0.582107
vn 4.71403e-24 -1 -6.12323e-17
vn 0 -1 -6.12323e-17

# Mesh 'defaultobject' with 40 faces
g defaultobject
usemtl DefaultMaterial
f  1//1 2//1 3//1
f  2//1 1//1 4//1
f  4//1 1//1 5//1
f  5//1 1//1 6//1
f  4//1 7//1 2//1
f  8//2 5//2 6//2
f  5//3 8//3 4//3
f  4//4 8//4 9//4
f  9//5 8//5 10//5
f  9//6 7//6 4//6
f  7//6 9//6 11//6
f  12//7 3//7 2//7
f  3//7 12//7 13//7
f  11//8 2//8 7//8
f  2//8 11//8 12//8
f  13//9 1//9 3//9
f  1//9 13//9 14//9
f  14//10 6//10 1//10
f  6//10 14//10 8//10
f  10//11 11//11 9//11
f  11//11 10//11 8//12
f  11//11 8//12 12//13
f  12//13 8//12 13//14
f  13//14 8//12 14//15
f  15//16 16//16 17//16
f  16//17 15//17 18//17
f  16//18 18//18 19//18
f  20//19 19//19 18//19
f  19//20 20//20 16//20
f  16//21 20//21 8//21
f  8//5 20//22 21//22
f  8//23 17//23 16//23
f  17//23 8//23 14//23
f  17//24 22//24 15//24
f  22//24 17//24 14//25
f  15//26 20//26 18//26
f  20//26 15//26 22//27
f  21//28 14//15 8//12
f  14//15 21//28 20//29
f  14//15 20//29 22//29

