# File produced by Open Asset Import Library (http://www.assimp.sf.net)
# (assimp v3.1.0)

mtllib ID_28141.obj.mtl

# 24 vertex positions
v  4.64 7.754 -6.07
v  2.405 7.754 1.125
v  5.574 7.754 -5.633
v  1.04 7.754 0.49
v  3.17 7.754 -6.76
v  0 7.754 4.74796e-16
v  0 0 0
v  2.405 -6.88864e-17 1.125
v  1.04 -3.00038e-17 0.49
v  5.574 3.44922e-16 -5.633
v  3.17 4.13931e-16 -6.76
v  4.64 3.7168e-16 -6.07
v  2.405 11.403 1.125
v  12.47 9.014 -2.4
v  5.574 11.403 -5.633
v  12.6 8.969 -2.34
v  10.31 8.979 2.47
v  5.295 10.403 2.47
v  9.4 8.983 4.38
v  9.4 -2.68198e-16 4.38
v  12.6 1.43284e-16 -2.34
v  10.31 -1.51244e-16 2.47
v  12.47 1.46958e-16 -2.4
v  5.295 -1.51244e-16 2.47

# 0 UV coordinates

# 35 vertex normals
vn 0 1 -0
vn -0.426216 -5.53921e-17 0.904621
vn -0.421794 -0.000723868 0.906691
vn -0.42371 0 0.905798
vn 3.91563e-22 1 6.12319e-17
vn 0.905398 -0 0.424564
vn 0.423788 0 -0.905761
vn 0.424907 0.000164377 -0.905237
vn 0.424473 0 -0.905441
vn -1.59864e-21 -1 -6.12311e-17
vn -0.905395 0 -0.424571
vn -0.905395 2.59975e-17 -0.424571
vn -2.35559e-24 -1 -6.12323e-17
vn 0 -1 -6.12323e-17
vn 0.27098 0.954161 0.127069
vn 0.271215 0.953989 0.127859
vn 0.270975 0.954168 0.127025
vn 0.270929 0.95415 0.12726
vn 0.270935 0.954171 0.127086
vn 0.902773 -0 0.430117
vn 0.902895 -6.69494e-05 0.429861
vn 0.902861 0 0.429934
vn 0 1 6.12309e-17
vn 0.424488 0 -0.905434
vn 0.420196 0.00399722 -0.907424
vn 0.424388 0 -0.905481
vn 1.62171e-20 -1 -6.12682e-17
vn -0.905398 0 -0.424564
vn -0.421941 0 0.906623
vn -0.421865 -2.56489e-05 0.906659
vn -0.421892 0 0.906646
vn 1.99968e-20 1 6.11902e-17
vn -1.38821e-22 -1 -6.12323e-17
vn -5.1587e-23 -1 -6.12323e-17
vn 2.50633e-23 -1 -6.12323e-17

# Mesh 'defaultobject' with 44 faces
g defaultobject
usemtl DefaultMaterial
f  1//1 2//1 3//1
f  2//1 1//1 4//1
f  4//1 1//1 5//1
f  4//1 5//1 6//1
f  7//2 4//2 6//2
f  4//3 7//3 2//3
f  2//4 7//4 8//4
f  8//5 7//5 9//5
f  8//6 3//6 2//6
f  3//6 8//6 10//6
f  10//7 1//7 3//7
f  1//8 10//8 5//8
f  5//9 10//9 11//9
f  11//10 10//10 12//10
f  11//11 6//11 5//11
f  6//11 11//11 7//12
f  9//13 10//10 8//13
f  10//10 9//13 7//14
f  10//10 7//14 12//10
f  12//10 7//14 11//10
f  13//15 14//15 15//15
f  14//16 13//16 16//16
f  16//17 13//17 17//17
f  17//18 13//18 18//18
f  17//19 18//19 19//19
f  20//20 17//20 19//20
f  17//21 20//21 16//21
f  16//22 20//22 21//22
f  21//23 20//23 22//23
f  14//24 10//24 15//24
f  10//25 14//25 16//25
f  10//26 16//26 21//26
f  10//10 21//27 23//27
f  10//28 13//28 15//28
f  13//28 10//28 8//28
f  8//29 18//29 13//29
f  18//30 8//30 19//30
f  19//31 8//31 20//31
f  20//23 8//5 24//32
f  22//33 23//27 21//27
f  23//27 22//33 10//10
f  10//10 22//33 20//34
f  10//10 20//34 24//35
f  10//10 24//35 8//13

