# File produced by Open Asset Import Library (http://www.assimp.sf.net)
# (assimp v3.1.0)

mtllib ID_6328.obj.mtl

# 32 vertex positions
v  9.885 11.123 -5.06
v  15.127 11.123 17.595
v  22.671 11.123 11.913
v  2.341 11.123 0.622
v  2.341 -3.80865e-17 0.622
v  15.127 -1.07738e-15 17.595
v  22.671 -7.29461e-16 11.913
v  9.885 3.09836e-16 -5.06
v  24.87 8.52 12.772
v  13.933 8.52 18.495
v  15.142 8.52 20.1
v  8.098 8.52 10.75
v  23.661 8.52 11.167
v  10.875 8.52 -5.806
v  7.003 8.52 9.296
v  1.147 8.52 1.522
v  0 8.52 5.217e-16
v  9.728 8.52 -7.328
v  15.142 -1.23077e-15 20.1
v  13.933 -1.13249e-15 18.495
v  8.098 -6.58248e-16 10.75
v  7.003 -5.69216e-16 9.296
v  1.147 -9.31956e-17 1.522
v  0 0 0
v  24.87 -7.82059e-16 12.772
v  23.661 -6.83782e-16 11.167
v  10.875 3.55515e-16 -5.806
v  9.728 4.48711e-16 -7.328
v  9.885 8.52 -5.06
v  2.341 8.52 0.622
v  15.127 8.52 17.595
v  22.671 8.52 11.913

# 0 UV coordinates

# 34 vertex normals
vn 0 1 0
vn -0.798728 0 0.601693
vn 0.601625 -0 0.798779
vn 0.798728 0 -0.601693
vn -0.601625 0 -0.798779
vn -4.22051e-24 -1 -6.12323e-17
vn 4.22051e-24 -1 -6.12323e-17
vn -0.798744 0 0.601671
vn -0.798699 1.7684e-05 0.601731
vn -0.798744 -8.53399e-05 0.601671
vn -0.798699 0 0.601731
vn -0.798812 0 0.601581
vn -0.798741 2.53129e-05 0.601676
vn -0.798812 -0.000135351 0.601581
vn -0.798741 0 0.601676
vn -0.798613 0 0.601845
vn 0.60168 -0 0.798737
vn 0.798744 0 -0.601671
vn 0.798728 -6.37362e-06 -0.601693
vn 0.798744 6.68458e-05 -0.601671
vn 0.798728 0 -0.601693
vn 0.798613 0 -0.601845
vn -0.60168 0 -0.798737
vn -0.60168 4.89085e-17 -0.798737
vn 0.601625 -0 0.798779
vn -0.601625 0 -0.798779
vn -0.798728 0 0.601693
vn -7.34032e-19 -1 -6.07411e-17
vn 0 -1 -6.12323e-17
vn 1.82394e-23 -1 -6.12323e-17
vn -2.7691e-22 -1 -6.12323e-17
vn 1.89458e-19 -1 -6.13843e-17
vn 4.78544e-20 -1 -6.12537e-17
vn 1.82462e-23 -1 -6.12323e-17

# Mesh 'defaultobject' with 56 faces
g defaultobject
usemtl DefaultMaterial
f  1//1 2//1 3//1
f  2//1 1//1 4//1
f  5//2 2//2 4//2
f  2//2 5//2 6//2
f  6//3 3//3 2//3
f  3//3 6//3 7//3
f  7//4 1//4 3//4
f  1//4 7//4 8//4
f  8//5 4//5 1//5
f  4//5 8//5 5//5
f  8//6 6//6 5//6
f  6//6 8//6 7//7
f  9//1 10//1 11//1
f  10//1 9//1 12//1
f  12//1 9//1 13//1
f  12//1 13//1 14//1
f  12//1 14//1 15//1
f  15//1 14//1 16//1
f  16//1 14//1 17//1
f  17//1 14//1 18//1
f  10//8 19//8 11//8
f  19//9 10//9 12//9
f  19//10 12//10 20//10
f  20//11 12//11 21//11
f  21//12 12//12 15//12
f  21//13 15//13 16//13
f  21//14 16//14 22//14
f  22//15 16//15 23//15
f  23//16 16//16 17//16
f  23//16 17//16 24//16
f  19//17 9//17 11//17
f  9//17 19//17 25//17
f  25//18 13//18 9//18
f  13//19 25//19 14//19
f  14//20 25//20 26//20
f  14//19 26//21 27//21
f  14//22 27//22 18//22
f  18//22 27//22 28//22
f  28//23 17//23 18//23
f  17//23 28//23 24//24
f  5//25 29//25 30//25
f  29//25 5//25 8//25
f  6//21 30//21 31//21
f  30//21 6//21 5//21
f  7//26 31//26 32//26
f  31//26 7//26 6//26
f  8//27 32//27 29//27
f  32//27 8//27 7//27
f  25//28 27//28 26//28
f  27//28 25//28 19//29
f  27//28 19//29 28//30
f  28//30 19//29 20//31
f  20//31 22//32 23//32
f  22//32 20//31 21//33
f  28//30 23//32 24//34
f  23//32 28//30 20//31

