# File produced by Open Asset Import Library (http://www.assimp.sf.net)
# (assimp v3.1.0)

mtllib ID_8645.obj.mtl

# 23 vertex positions
v  12.926 11.853 2.193
v  21.388 10.379 3.538
v  23 10.38 1.786
v  13.346 10.373 12.279
v  16.564 10.377 -4.158
v  23.011 10.377 1.774
v  4.845 11.853 -5.241
v  14.424 10.377 -6.127
v  9.691 10.377 -10.482
v  12.624 10.377 11.615
v  0 10.377 6.35408e-16
v  13.333 10.377 12.267
v  9.691 6.41837e-16 -10.482
v  0 0 0
v  4.845 3.20919e-16 -5.241
v  12.624 -7.11214e-16 11.615
v  13.346 -7.51872e-16 12.279
v  13.333 -7.51137e-16 12.267
v  21.388 -2.1664e-16 3.538
v  23.011 -1.08626e-16 1.774
v  23 -1.09361e-16 1.786
v  16.564 2.54604e-16 -4.158
v  14.424 3.75171e-16 -6.127

# 0 UV coordinates

# 39 vertex normals
vn 0.14874 0.979282 0.137414
vn 0.148724 0.979272 0.137503
vn 0.122726 0.983437 -0.133381
vn 0.137167 0.979275 -0.149015
vn 0.137113 0.979278 -0.149047
vn 0.137111 0.979282 -0.149019
vn 0.137112 0.979283 -0.149013
vn -0.13712 0.979279 0.149031
vn -0.137085 0.979286 0.149016
vn -0.137038 0.979293 0.149018
vn 0.174671 0.975213 0.135827
vn -0.734234 0 -0.678897
vn -0.734296 -5.50742e-05 -0.678829
vn -0.734269 4.15681e-17 -0.678859
vn 0 1 6.12119e-17
vn -0.677086 -4.50611e-17 0.735904
vn -0.677086 0 0.735904
vn -0.676899 0 0.736076
vn -0.678267 0.000172668 0.734815
vn -0.676924 0 0.736053
vn 1.74116e-19 -1 -6.14215e-17
vn 0.735919 -0 0.677069
vn 0.735919 0 0.677069
vn 0.735898 0 0.677093
vn 0.737115 -0.000412739 0.675767
vn 0.735906 0 0.677083
vn -1.29443e-19 1 6.11142e-17
vn 0.677104 0 -0.735888
vn 0.677094 -1.10611e-05 -0.735897
vn 0.677103 3.67156e-06 -0.735888
vn 0.67711 6.32999e-06 -0.735881
vn 0.677094 -1.40318e-05 -0.735897
vn 0.67711 0 -0.735881
vn -3.26725e-22 -1 -6.12326e-17
vn 1.03926e-24 -1 -6.12323e-17
vn -6.08912e-25 -1 -6.12323e-17
vn 0 -1 -6.12323e-17
vn -6.37608e-25 -1 -6.12323e-17
vn -1.15312e-24 -1 -6.12323e-17

# Mesh 'defaultobject' with 41 faces
g defaultobject
usemtl DefaultMaterial
f  1//1 2//1 3//1
f  2//2 1//2 4//2
f  5//3 3//3 6//3
f  5//4 1//4 3//4
f  1//5 5//5 7//5
f  7//6 5//6 8//6
f  7//6 8//6 9//7
f  10//8 7//8 11//8
f  7//9 10//9 1//9
f  1//10 10//10 12//10
f  1//11 12//11 4//11
f  13//12 7//12 9//12
f  7//13 13//13 11//13
f  11//14 13//14 14//14
f  14//15 13//15 15//15
f  14//16 10//16 11//16
f  10//16 14//16 16//17
f  10//18 16//18 12//18
f  12//19 16//19 4//19
f  4//20 16//20 17//20
f  17//21 16//21 18//21
f  17//22 2//22 4//22
f  2//22 17//22 19//23
f  2//24 19//24 3//24
f  3//25 19//25 6//25
f  6//26 19//26 20//26
f  20//27 19//27 21//27
f  20//28 5//28 6//28
f  5//29 20//29 8//29
f  8//30 20//28 22//30
f  8//30 22//30 9//31
f  9//32 22//32 23//32
f  9//31 23//33 13//33
f  18//21 19//34 17//21
f  19//34 18//21 16//21
f  19//34 16//21 14//35
f  19//34 14//35 20//36
f  20//36 14//35 22//37
f  22//37 14//35 15//37
f  22//37 15//37 23//38
f  23//38 15//37 13//39

