# {"id":"ID_3764","idOriginal":"ID_3764","origin":[14.312340313333804,48.27760162791038],"elevation":259.325}
# Longitude: 14.312340313333804
# Latitude: 48.27760162791038
# Elevation: 259.325

# File produced by Open Asset Import Library (http://www.assimp.sf.net)
# (assimp v3.1.0)

mtllib ID_3764.obj.mtl

# 48 vertex positions
v  14.298 9.025 -1.81
v  19.42 9.025 -9.157
v  12.394 9.025 -5.844
v  28.152 9.025 9.393
v  16.062 9.025 1.926
v  17.77 9.025 5.544
v  19.49 9.025 9.187
v  21.149 9.025 12.701
v  12.394 3.57842e-16 -5.844
v  14.298 1.10831e-16 -1.81
v  16.062 -1.17933e-16 1.926
v  17.77 -3.39472e-16 5.544
v  19.49 -5.62541e-16 9.187
v  21.149 -7.77712e-16 12.701
v  28.152 -5.75155e-16 9.393
v  19.42 5.60705e-16 -9.157
v  19.49 13.922 9.187
v  11.385 13.922 17.314
v  21.149 13.922 12.701
v  11.078 13.922 16.748
v  7.096 13.922 15.031
v  7.146 13.922 15.136
v  8.46 13.922 17.919
v  8.46 -1.09722e-15 17.919
v  11.078 -1.02552e-15 16.748
v  11.385 -1.06018e-15 17.314
v  7.146 -9.26813e-16 15.136
v  7.096 -9.20383e-16 15.031
v  14.298 10.525 -1.81
v  3.668 10.947 7.769
v  16.062 10.947 1.926
v  1.905 10.525 4.034
v  3.668 -4.75714e-16 7.769
v  1.905 -2.47011e-16 4.034
v  17.77 10.501 5.544
v  7.096 10.971 15.031
v  19.49 10.971 9.187
v  5.377 10.501 11.388
v  5.377 -6.97314e-16 11.388
v  12.394 13.914 -5.844
v  1.905 13.914 4.034
v  14.298 13.914 -1.81
v  0 13.914 8.51987e-16
v  0 0 0
v  16.062 13.904 1.926
v  5.377 13.904 11.388
v  17.77 13.904 5.544
v  3.668 13.904 7.769

# 0 UV coordinates

# 63 vertex normals
vn 0 1 0
vn -0.90433 0 0.426833
vn -0.904269 -7.05404e-05 0.426962
vn -0.90433 6.53339e-05 0.426833
vn -0.904297 2.94358e-05 0.426904
vn -0.904269 -2.8518e-05 0.426962
vn -0.904278 -1.96068e-05 0.426944
vn -0.904297 1.97295e-05 0.426904
vn -0.904287 9.65353e-06 0.426925
vn -0.904278 -9.33782e-06 0.426944
vn -0.904287 0 0.426925
vn 0.427115 -0 0.904197
vn 0.90477 0 -0.4259
vn -0.426497 0 -0.904489
vn -1.0637e-23 -1 -6.12323e-17
vn 0 -1 -6.12323e-17
vn -6.61818e-24 -1 -6.12323e-17
vn 3.41678e-24 -1 -6.12323e-17
vn -3.39341e-24 -1 -6.12323e-17
vn -3.29811e-24 -1 -6.12324e-17
vn 0.408305 -0 0.912845
vn 0.427175 -0 0.904169
vn -0.879021 0 0.476784
vn -0.904273 0 0.426955
vn -0.902861 0.000728768 0.429932
vn -0.904273 -2.75386e-05 0.426955
vn -0.902861 0 0.429933
vn 0.904287 0 -0.426925
vn -0.426486 0 -0.904494
vn -5.04623e-24 -1 -6.12324e-17
vn 0 -1 -6.12323e-17
vn -9.50627e-24 -1 -6.12324e-17
vn 7.07037e-22 -1 -6.1234e-17
vn 5.99909e-24 -1 -6.12323e-17
vn -0.0433306 0.994824 -0.0919115
vn -0.0433533 0.994821 -0.0919366
vn -0.904319 0 0.426858
vn -0.904319 0 0.426858
vn 0.426426 -0 0.904522
vn 0.904269 0 -0.426962
vn 0.904269 0 -0.426962
vn -0.426514 0 -0.904481
vn -3.74192e-24 -1 -6.12323e-17
vn -0.0494207 0.993263 -0.104812
vn -0.0494291 0.993262 -0.104821
vn -0.904374 0 0.426741
vn -0.904374 0 0.426741
vn 0.426486 -0 0.904494
vn 0.904278 0 -0.426944
vn 0.904278 0 -0.426944
vn -0.426514 0 -0.904481
vn -3.83665e-24 -1 -6.12323e-17
vn -0.904244 -2.61472e-17 0.427016
vn -0.904244 0 0.427016
vn 0.426514 -0 0.904481
vn 0.90433 0 -0.426833
vn -0.426486 0 -0.904494
vn -0.426486 5.53843e-17 -0.904494
vn 6.9281e-24 -1 -6.12323e-17
vn -0.904246 0 0.427012
vn 0.426514 -0 0.904481
vn 0.904297 0 -0.426904
vn -0.426426 0 -0.904522

# Mesh 'defaultobject' with 100 faces
g defaultobject
usemtl DefaultMaterial
f  1//1 2//1 3//1
f  2//1 1//1 4//1
f  4//1 1//1 5//1
f  4//1 5//1 6//1
f  4//1 6//1 7//1
f  4//1 7//1 8//1
f  9//2 1//2 3//2
f  1//3 9//3 5//3
f  5//4 9//4 10//4
f  5//5 10//5 6//5
f  6//6 10//6 11//6
f  6//7 11//7 7//7
f  7//8 11//8 12//8
f  7//9 12//9 8//9
f  8//10 12//10 13//10
f  8//9 13//11 14//11
f  14//12 4//12 8//12
f  4//12 14//12 15//12
f  15//13 2//13 4//13
f  2//13 15//13 16//13
f  16//14 3//14 2//14
f  3//14 16//14 9//14
f  15//15 9//15 16//15
f  9//15 15//15 10//16
f  10//16 15//15 11//17
f  11//17 15//15 12//18
f  12//18 15//15 13//19
f  13//19 15//15 14//20
f  17//1 18//1 19//1
f  18//1 17//1 20//1
f  20//1 17//1 21//1
f  20//1 21//1 22//1
f  20//1 22//1 23//1
f  24//21 20//21 23//21
f  20//21 24//21 25//21
f  26//22 19//22 18//22
f  19//22 26//22 14//22
f  25//23 18//23 20//23
f  18//23 25//23 26//23
f  22//24 24//24 23//24
f  24//25 22//25 21//25
f  24//26 21//26 27//26
f  27//27 21//27 28//27
f  14//28 17//28 19//28
f  17//28 14//28 13//28
f  13//29 21//29 17//29
f  21//29 13//29 28//29
f  26//30 13//19 14//20
f  13//19 26//30 25//31
f  13//19 25//31 28//32
f  28//32 25//31 27//33
f  27//33 25//31 24//34
f  29//35 30//35 31//35
f  30//36 29//36 32//36
f  32//37 33//37 30//37
f  33//37 32//37 34//38
f  33//39 31//39 30//39
f  31//39 33//39 11//39
f  11//40 29//40 31//40
f  29//40 11//40 10//41
f  10//42 32//42 29//42
f  32//42 10//42 34//42
f  10//16 33//43 34//43
f  33//43 10//16 11//17
f  35//44 36//44 37//44
f  36//45 35//45 38//45
f  38//46 28//46 36//46
f  28//46 38//46 39//47
f  28//48 37//48 36//48
f  37//48 28//48 13//48
f  13//49 35//49 37//49
f  35//49 13//49 12//50
f  12//51 38//51 35//51
f  38//51 12//51 39//51
f  12//18 28//32 39//52
f  28//32 12//18 13//19
f  40//1 41//1 42//1
f  41//1 40//1 43//1
f  44//53 41//53 43//53
f  41//53 44//53 34//54
f  34//55 42//55 41//55
f  42//55 34//55 10//55
f  10//56 40//56 42//56
f  40//56 10//56 9//56
f  9//57 43//57 40//57
f  43//57 9//57 44//58
f  9//15 34//43 44//59
f  34//43 9//15 10//16
f  45//1 46//1 47//1
f  46//1 45//1 48//1
f  33//60 46//60 48//60
f  46//60 33//60 39//60
f  39//61 47//61 46//61
f  47//61 39//61 12//61
f  12//62 45//62 47//62
f  45//62 12//62 11//62
f  11//63 48//63 45//63
f  48//63 11//63 33//63
f  11//17 39//52 33//43
f  39//52 11//17 12//18

