# {"id":"ID_15028","idOriginal":"ID_15028","origin":[14.314369111927661,48.29040792317414],"elevation":258.14}
# Longitude: 14.314369111927661
# Latitude: 48.29040792317414
# Elevation: 258.14

# File produced by Open Asset Import Library (http://www.assimp.sf.net)
# (assimp v3.1.0)

mtllib ID_15028.obj.mtl

# 24 vertex positions
v  13.27 10.222 -5.825
v  23.317 10.71 -5.899
v  21.72 10.222 -9.532
v  12.18 10.222 -5.345
v  11.153 10.223 -4.893
v  0.909 10.223 -0.398
v  1.592 10.71 3.624
v  0.287 10.223 -0.126
v  0 10.223 6.25978e-16
v  3.187 10.222 7.254
v  4.085 10.222 6.862
v  24.912 10.222 -2.27
v  21.72 5.83667e-16 -9.532
v  13.27 3.56678e-16 -5.825
v  12.18 3.27287e-16 -5.345
v  11.153 2.9961e-16 -4.893
v  0.909 2.43705e-17 -0.398
v  0 0 0
v  0.287 7.71527e-18 -0.126
v  3.187 -4.44179e-16 7.254
v  1.592 -2.21906e-16 3.624
v  24.912 1.38997e-16 -2.27
v  4.085 -4.20176e-16 6.862
v  23.317 3.6121e-16 -5.899

# 0 UV coordinates

# 43 vertex normals
vn -0.0490318 0.992524 -0.111767
vn -0.049031 0.992572 -0.111341
vn -0.0491432 0.992281 -0.113854
vn -0.048967 0.992547 -0.111595
vn -0.0490294 0.992515 -0.111852
vn -0.048921 0.992518 -0.111871
vn -0.0490883 0.992516 -0.111812
vn 0.0490417 0.992511 0.11188
vn 0.0484356 0.992644 0.110957
vn 0.0490647 0.992507 0.1119
vn -0.40174 0 -0.915754
vn -0.40302 -0 -0.915191
vn -0.402828 2.44581e-05 -0.915276
vn -0.401813 0.000275322 -0.915722
vn -0.40302 -0.00146658 -0.91519
vn -0.402828 -0.00121316 -0.915275
vn -0.401813 -0 -0.915722
vn -0.400664 -0 -0.916225
vn -0.40199 -9.61206e-05 -0.915644
vn -0.401083 5.60914e-17 -0.916042
vn 6.71414e-22 1 6.12329e-17
vn -0.915553 -2.46274e-17 0.402197
vn -0.915521 -2.97296e-05 0.40227
vn -0.915536 0 0.402235
vn -1.60437e-19 1 6.12869e-17
vn 0.400069 -0 0.916485
vn 0.401564 -0.00015636 0.915831
vn 0.401502 0 0.915858
vn 0 1 6.12673e-17
vn 0.915456 0 -0.402418
vn 0.915478 -1.97001e-05 -0.402369
vn 0.915456 2.15579e-05 -0.402418
vn 0.915479 0 -0.402367
vn 0 -1 -6.12323e-17
vn 8.5105e-23 -1 -6.12324e-17
vn -2.3865e-23 -1 -6.12323e-17
vn -3.93632e-23 -1 -6.12323e-17
vn 2.35016e-24 -1 -6.12323e-17
vn -2.98363e-25 -1 -6.12323e-17
vn 5.93966e-24 -1 -6.12324e-17
vn 0 -1 -6.12324e-17
vn -4.33951e-24 -1 -6.12323e-17
vn -1.20939e-19 -1 -6.11953e-17

# Mesh 'defaultobject' with 44 faces
g defaultobject
usemtl DefaultMaterial
f  1//1 2//1 3//1
f  2//2 1//2 4//2
f  2//3 4//3 5//3
f  2//4 5//4 6//4
f  2//5 6//5 7//5
f  7//6 6//6 8//6
f  7//7 8//7 9//7
f  10//8 2//8 7//8
f  2//9 10//9 11//9
f  2//10 11//10 12//10
f  13//11 1//11 3//11
f  1//11 13//11 14//11
f  1//12 14//12 4//12
f  4//13 14//13 5//13
f  5//14 14//14 6//14
f  6//15 14//15 15//15
f  6//16 15//16 16//16
f  6//17 16//17 17//17
f  6//18 17//18 8//18
f  8//19 17//19 9//19
f  9//20 17//20 18//20
f  18//21 17//21 19//21
f  18//22 7//22 9//22
f  7//23 18//23 10//23
f  10//24 18//24 20//24
f  20//25 18//21 21//25
f  20//26 11//26 10//26
f  11//27 20//27 12//27
f  12//28 20//28 22//28
f  22//29 20//25 23//29
f  2//30 13//30 3//30
f  13//31 2//31 12//31
f  13//32 12//32 24//32
f  24//33 12//33 22//33
f  19//34 21//34 18//34
f  21//34 19//34 20//35
f  20//35 19//34 23//36
f  23//36 19//34 17//37
f  23//36 17//37 22//38
f  22//38 17//37 16//39
f  22//38 16//39 15//40
f  22//38 15//40 14//41
f  22//38 14//41 13//42
f  22//38 13//42 24//43

