# File produced by Open Asset Import Library (http://www.assimp.sf.net)
# (assimp v3.1.0)

mtllib ID_10032.obj.mtl

# 34 vertex positions
v  5.65 30.51 3.2
v  13.97 30.51 1.118
v  10.334 30.51 -2.109
v  9.287 30.51 6.427
v  5.65 -1.95943e-16 3.2
v  9.287 -3.9354e-16 6.427
v  13.97 -6.84578e-17 1.118
v  10.334 1.29139e-16 -2.109
v  8.82 28.71 -9.83
v  22.213 28.71 2.424
v  22.399 28.71 2.213
v  19.239 28.71 5.794
v  14.556 28.71 11.103
v  13.658 28.71 12.12
v  0.086 28.71 0.077
v  8.632 28.71 -9.621
v  5.634 28.71 -6.279
v  0.906 28.71 -1.01
v  0 28.71 1.75798e-15
v  8.82 6.01914e-16 -9.83
v  0 0 0
v  8.632 5.89116e-16 -9.621
v  5.634 3.84478e-16 -6.279
v  0.906 6.18447e-17 -1.01
v  13.658 -7.42136e-16 12.12
v  0.086 -4.71489e-18 0.077
v  14.556 -6.79863e-16 11.103
v  22.213 -1.48427e-16 2.424
v  22.399 -1.35507e-16 2.213
v  19.239 -3.5478e-16 5.794
v  5.65 28.71 3.2
v  9.287 28.71 6.427
v  13.97 28.71 1.118
v  10.334 28.71 -2.109

# 0 UV coordinates

# 35 vertex normals
vn 0 1 0
vn -0.663687 0 0.74801
vn 0.749937 -0 0.66151
vn 0.663789 0 -0.74792
vn -0.749867 0 -0.661589
vn -7.69004e-25 -1 -6.12323e-17
vn -7.6905e-25 -1 -6.12323e-17
vn -0.743471 0 -0.668768
vn -0.744379 -1.32991e-05 -0.667758
vn -0.744284 1.03041e-05 -0.667864
vn -0.744393 -5.69697e-05 -0.667742
vn -0.74431 4.08931e-17 -0.667834
vn -9.10019e-20 1 6.12443e-17
vn 0 -1 -6.11539e-17
vn 0 1 6.12263e-17
vn -0.667048 -4.5619e-17 0.745015
vn -0.663717 -1.79406e-05 0.747984
vn -0.663738 0 0.747965
vn 0 1 6.12255e-17
vn 0.749601 -0 0.66189
vn 0.749937 -2.39515e-05 0.66151
vn 0.749786 4.29684e-05 0.66168
vn 0.750147 -0.000203153 0.66127
vn 0.749602 0.00017687 0.661889
vn 0.749878 3.98936e-06 0.661576
vn 0.750148 0 0.661271
vn 0 -1 -6.12683e-17
vn 0.663526 0 -0.748154
vn 0.663687 0 -0.74801
vn -0.749937 0 -0.66151
vn -0.663789 0 0.74792
vn 0.749867 -0 0.661589
vn 0 -1 -6.12323e-17
vn 0 -1 -6.12323e-17
vn 6.5946e-22 -1 -6.12324e-17

# Mesh 'defaultobject' with 60 faces
g defaultobject
usemtl DefaultMaterial
f  1//1 2//1 3//1
f  2//1 1//1 4//1
f  5//2 4//2 1//2
f  4//2 5//2 6//2
f  6//3 2//3 4//3
f  2//3 6//3 7//3
f  7//4 3//4 2//4
f  3//4 7//4 8//4
f  8//5 1//5 3//5
f  1//5 8//5 5//5
f  5//6 7//6 6//6
f  7//6 5//6 8//7
f  9//1 10//1 11//1
f  10//1 9//1 12//1
f  12//1 9//1 13//1
f  13//1 9//1 14//1
f  14//1 9//1 15//1
f  15//1 9//1 16//1
f  15//1 16//1 17//1
f  15//1 17//1 18//1
f  15//1 18//1 19//1
f  20//8 16//8 9//8
f  16//9 20//9 17//9
f  17//10 20//10 18//10
f  18//11 20//11 19//11
f  19//12 20//12 21//12
f  21//13 20//13 22//13
f  21//14 22//14 23//14
f  21//13 23//15 24//15
f  21//16 15//16 19//16
f  15//17 21//17 14//17
f  14//18 21//18 25//18
f  25//19 21//13 26//19
f  25//20 13//20 14//20
f  13//21 25//21 12//21
f  12//22 25//22 10//22
f  10//23 25//23 11//23
f  11//24 25//24 27//24
f  11//25 27//25 28//25
f  11//26 28//26 29//26
f  28//27 27//27 30//27
f  29//28 9//28 11//28
f  9//28 29//28 20//28
f  6//29 31//29 32//29
f  31//29 6//29 5//29
f  7//30 32//30 33//30
f  32//30 7//30 6//30
f  8//31 33//31 34//31
f  33//31 8//31 7//31
f  5//32 34//32 31//32
f  34//32 5//32 8//32
f  24//33 26//33 21//14
f  26//33 24//33 25//34
f  25//34 24//33 23//14
f  25//34 23//14 22//14
f  25//34 22//14 20//35
f  25//34 20//35 30//27
f  30//27 20//35 29//34
f  25//34 30//27 27//27
f  30//27 29//34 28//27

