# File produced by Open Asset Import Library (http://www.assimp.sf.net)
# (assimp v3.1.0)

mtllib ID_31514.obj.mtl

# 27 vertex positions
v  6.422 2.092 3.864
v  6.226 3.131 -3.701
v  2.936 3.131 1.767
v  6.312 3.105 -3.649
v  6.364 3.105 -3.735
v  7.912 3.105 -6.308
v  11.312 2.092 -4.262
v  9.764 2.092 -1.689
v  6.422 -2.36602e-16 3.864
v  9.764 1.03421e-16 -1.689
v  11.312 2.60972e-16 -4.262
v  7.912 3.86254e-16 -6.308
v  6.226 2.26621e-16 -3.701
v  6.312 2.23437e-16 -3.649
v  6.364 2.28703e-16 -3.735
v  2.936 -1.08198e-16 1.767
v  4.715 4.146 -4.61
v  2.936 3.389 1.767
v  6.226 3.389 -3.701
v  2.283 4.146 -0.568
v  2.851 3.432 1.715
v  3.29 3.432 -5.467
v  0 3.432 2.10149e-16
v  0 0 0
v  2.851 -1.05013e-16 1.715
v  3.29 3.34757e-16 -5.467
v  4.715 2.82281e-16 -4.61

# 0 UV coordinates

# 41 vertex normals
vn 0.212035 0.968899 0.127578
vn 0.21567 0.968123 0.127377
vn 0.210999 0.969125 0.127581
vn 0.211998 0.968911 0.127545
vn 0.211936 0.968926 0.127537
vn 0 1 0
vn 0.856798 -0 0.515653
vn 0.856875 0 0.515524
vn 0.515607 0 -0.856825
vn 0.51742 0 -0.855732
vn 0.51742 0 -0.855732
vn -0.856875 0 -0.515524
vn -0.85573 0.00213993 -0.517418
vn -0.856838 -0 -0.515585
vn -6.44139e-20 -1 -6.127e-17
vn -0.856856 0 -0.515555
vn -0.515472 0 0.856907
vn -0.515471 0 0.856907
vn 0 -1 -6.12323e-17
vn 0 -1 -6.12323e-17
vn 8.15721e-24 -1 -6.12323e-17
vn 6.96488e-23 -1 -6.12323e-17
vn 0.338015 0.918904 0.203377
vn 0.338015 0.918903 0.203377
vn 0.340657 0.918145 0.202393
vn -0.338072 0.918875 -0.203412
vn -0.33799 0.918908 -0.2034
vn -0.203307 0.918934 0.337975
vn -0.515468 -5.24705e-17 0.856909
vn -0.519969 0.00510772 0.85417
vn -0.515654 0 0.856797
vn -1.16858e-21 -1 -6.12305e-17
vn 0.856856 -0 0.515555
vn 0.515496 0 -0.856892
vn 0.515398 -4.89223e-05 -0.856951
vn 0.51544 0 -0.856926
vn 4.97709e-20 1 6.11187e-17
vn -0.856815 0 -0.515625
vn -0.856815 3.15729e-17 -0.515625
vn -3.63242e-24 -1 -6.12323e-17
vn -4.97709e-20 -1 -6.11519e-17

# Mesh 'defaultobject' with 50 faces
g defaultobject
usemtl DefaultMaterial
f  1//1 2//1 3//1
f  2//2 1//2 4//2
f  4//3 1//3 5//3
f  5//4 1//4 6//4
f  6//5 1//5 7//5
f  7//6 1//6 8//6
f  9//7 8//7 1//7
f  8//7 9//7 10//7
f  8//8 10//8 7//8
f  7//8 10//8 11//8
f  7//9 12//9 6//9
f  12//9 7//9 11//9
f  4//10 13//10 2//10
f  13//10 4//10 14//11
f  12//12 5//12 6//12
f  5//13 12//13 4//13
f  4//14 12//14 14//14
f  14//15 12//15 15//15
f  13//16 3//16 2//16
f  3//16 13//16 16//16
f  16//17 1//17 3//17
f  1//17 16//17 9//18
f  10//19 12//15 11//19
f  12//15 10//19 9//20
f  12//15 9//20 15//15
f  15//15 9//20 14//15
f  14//15 9//20 16//21
f  14//15 16//21 13//22
f  17//23 18//23 19//23
f  18//23 17//23 20//24
f  18//25 20//25 21//25
f  22//26 20//26 17//26
f  20//27 22//27 23//27
f  20//28 23//28 21//28
f  24//29 21//29 23//29
f  21//30 24//30 18//30
f  18//31 24//31 16//31
f  16//21 24//32 25//32
f  16//33 19//33 18//33
f  19//33 16//33 13//33
f  13//34 17//34 19//34
f  17//35 13//35 22//35
f  22//36 13//36 26//36
f  26//37 13//37 27//37
f  26//38 23//38 22//38
f  23//38 26//38 24//39
f  25//32 13//22 16//21
f  13//22 25//32 24//32
f  13//22 24//32 26//40
f  13//22 26//40 27//41

