# {"id":"ID_2915","idOriginal":"ID_2915","origin":[14.286504071691496,48.31867900323509],"elevation":258.39}
# Longitude: 14.286504071691496
# Latitude: 48.31867900323509
# Elevation: 258.39

# File produced by Open Asset Import Library (http://www.assimp.sf.net)
# (assimp v3.1.0)

mtllib ID_2915.obj.mtl

# 36 vertex positions
v  0 17.182 1.05209e-15
v  12.93 17.182 -8.395
v  12.821 17.182 -8.557
v  18.167 17.182 -0.565
v  5.288 17.182 7.948
v  0 0 0
v  5.288 -4.86675e-16 7.948
v  18.167 3.45963e-17 -0.565
v  12.821 5.23965e-16 -8.557
v  12.93 5.14046e-16 -8.395
v  27.2 17.182 12.969
v  19.032 17.182 28.607
v  31.892 17.182 20.106
v  14.301 17.182 21.496
v  14.424 17.182 21.681
v  14.301 -1.31625e-15 21.496
v  19.032 -1.75167e-15 28.607
v  14.424 -1.32758e-15 21.681
v  31.892 -1.23114e-15 20.106
v  27.2 -7.94122e-16 12.969
v  27.119 16.989 12.847
v  14.301 16.98 21.496
v  27.2 16.98 12.969
v  9.794 17.48 14.722
v  22.684 17.48 6.201
v  19.364 17.112 1.225
v  5.288 16.98 7.948
v  19.306 17.106 1.138
v  18.496 17.016 -0.073
v  18.167 16.98 -0.565
v  9.794 -9.01463e-16 14.722
v  22.684 -3.79702e-16 6.201
v  27.119 -7.86652e-16 12.847
v  19.364 -7.50096e-17 1.225
v  19.306 -6.96824e-17 1.138
v  18.496 4.46996e-18 -0.073

# 0 UV coordinates

# 53 vertex normals
vn 0 1 0
vn -0.832566 -3.39182e-17 0.553926
vn -0.832566 0 0.553926
vn 0.551422 -0 0.834226
vn 0.831216 0 -0.555949
vn 0.829677 -0.00151399 -0.558242
vn 0.831185 0 -0.555995
vn -2.73595e-20 1 6.12508e-17
vn -0.555134 0 -0.831761
vn -0.555134 5.09307e-17 -0.831761
vn 5.75623e-24 -1 -6.12323e-17
vn 1.14125e-23 -1 -6.12323e-17
vn 8.33501e-20 -1 -6.12206e-17
vn -0.832741 0 0.553663
vn -0.832568 -4.04664e-06 0.553923
vn -0.832572 0 0.553916
vn -7.3041e-19 1 6.17196e-17
vn 0.551447 -0 0.83421
vn 0.8356 0 -0.549339
vn -0.551457 0 -0.834203
vn 5.77938e-24 -1 -6.12323e-17
vn -2.31832e-23 -1 -6.12326e-17
vn 2.80594e-24 -1 -6.12323e-17
vn 0.0338306 0.998117 0.0511764
vn 0.0338248 0.998117 0.0511677
vn 0.0338248 0.998117 0.0511679
vn -0.0338613 0.998113 -0.0512231
vn -0.0338069 0.998117 -0.0511846
vn -0.0320384 0.998358 -0.0474773
vn -0.0339692 0.998097 -0.0514565
vn -0.0334798 0.998155 -0.0506503
vn -0.832617 0 0.553849
vn -0.832562 -4.63241e-05 0.553932
vn -0.832589 0 0.553892
vn -1.25025e-19 1 6.13248e-17
vn 0.551457 -0 0.834203
vn 0.833095 0 -0.55313
vn 0.831799 -2.01543e-05 -0.555077
vn 0.831844 1.73254e-05 -0.55501
vn 0.832038 0.000306048 -0.554718
vn 0.831235 -0.000895652 -0.55592
vn 0.831296 -0.000795036 -0.55583
vn 0.831823 0.000114312 -0.555041
vn 0.831691 0 -0.555239
vn -7.74214e-20 1 6.12403e-17
vn 7.8572e-21 1 6.12273e-17
vn -4.16438e-20 1 6.1258e-17
vn 0 -1 -6.12275e-17
vn -0.551422 0 -0.834226
vn 1.26238e-24 -1 -6.12323e-17
vn 5.75185e-20 -1 -6.12699e-17
vn 0 -1 -6.12297e-17
vn 0 -1 -6.12436e-17

# Mesh 'defaultobject' with 68 faces
g defaultobject
usemtl DefaultMaterial
f  1//1 2//1 3//1
f  2//1 1//1 4//1
f  4//1 1//1 5//1
f  6//2 5//2 1//2
f  5//2 6//2 7//3
f  7//4 4//4 5//4
f  4//4 7//4 8//4
f  8//5 2//5 4//5
f  2//6 8//6 3//6
f  3//7 8//7 9//7
f  9//8 8//8 10//8
f  9//9 1//9 3//9
f  1//9 9//9 6//10
f  9//11 7//11 6//11
f  7//11 9//11 8//12
f  8//12 9//11 10//13
f  11//1 12//1 13//1
f  12//1 11//1 14//1
f  12//1 14//1 15//1
f  16//14 15//14 14//14
f  15//15 16//15 12//15
f  12//15 16//15 17//16
f  17//17 16//17 18//17
f  17//18 13//18 12//18
f  13//18 17//18 19//18
f  19//19 11//19 13//19
f  11//19 19//19 20//19
f  20//20 14//20 11//20
f  14//20 20//20 16//20
f  18//21 19//21 17//21
f  19//21 18//21 16//22
f  19//21 16//22 20//23
f  21//24 22//24 23//24
f  22//25 21//25 24//25
f  24//25 21//25 25//26
f  26//27 24//27 25//27
f  24//28 26//28 27//28
f  27//29 26//29 28//29
f  27//30 28//30 29//30
f  27//31 29//31 30//31
f  7//32 24//32 27//32
f  24//33 7//33 22//33
f  22//34 7//34 16//34
f  16//17 7//35 31//35
f  16//36 23//36 22//36
f  23//36 16//36 20//36
f  20//37 21//37 23//37
f  21//38 20//38 25//38
f  25//39 20//39 26//39
f  26//40 20//40 28//40
f  28//41 20//41 29//41
f  29//42 20//42 30//42
f  30//43 20//43 32//43
f  30//44 32//44 8//44
f  32//45 20//45 33//45
f  8//8 32//45 34//46
f  8//8 34//46 35//47
f  8//12 35//48 36//48
f  8//49 27//49 30//49
f  27//49 8//49 7//49
f  31//50 20//23 16//22
f  20//23 31//50 7//11
f  20//23 7//11 8//12
f  20//23 8//12 33//51
f  33//51 8//12 32//52
f  32//52 8//12 36//48
f  32//52 36//48 34//53
f  34//53 36//48 35//48

