# {"id":"ID_4899","idOriginal":"ID_4899","origin":[14.35746574755819,48.260863521279376],"elevation":251.918}
# Longitude: 14.35746574755819
# Latitude: 48.260863521279376
# Elevation: 251.918

# File produced by Open Asset Import Library (http://www.assimp.sf.net)
# (assimp v3.1.0)

mtllib ID_4899.obj.mtl

# 24 vertex positions
v  4.644 12.698 5.514
v  4.106 12.698 -3.465
v  0 12.698 7.77528e-16
v  12.598 12.698 -1.199
v  8.121 12.698 -6.522
v  7.994 12.698 -6.673
v  7.958 12.698 -6.716
v  12.598 7.34176e-17 -1.199
v  7.958 4.11236e-16 -6.716
v  8.121 3.99357e-16 -6.522
v  7.994 4.08603e-16 -6.673
v  0 0 0
v  4.106 2.1217e-16 -3.465
v  4.644 -3.37635e-16 5.514
v  4.644 9.262 5.514
v  30.2 9.262 19.727
v  12.598 9.262 -1.199
v  22.42 9.262 26.622
v  30.36 9.262 19.918
v  26.511 9.262 23.168
v  22.42 -1.63013e-15 26.622
v  30.36 -1.21963e-15 19.918
v  26.511 -1.41863e-15 23.168
v  30.2 -1.20793e-15 19.727

# 0 UV coordinates

# 28 vertex normals
vn 0 1 0
vn 0.765303 0 -0.643671
vn 0.765305 1.68912e-06 -0.643668
vn 0.766761 0.00127823 -0.641932
vn 0.765314 0 -0.643657
vn -2.00885e-19 -1 -6.10578e-17
vn 4.12347e-20 -1 -6.12665e-17
vn -0.644972 0 -0.764206
vn -0.644932 2.08986e-05 -0.76424
vn -0.644952 4.67952e-17 -0.764223
vn 7.43121e-20 -1 -6.12332e-17
vn -0.764868 -3.94451e-17 0.644187
vn -0.764868 0 0.644187
vn 0.644973 -0 0.764206
vn 0 -1 -6.12323e-17
vn 0.645113 -0 0.764087
vn 0.64515 -2.78183e-05 0.764056
vn 0.645131 0 0.764072
vn -2.44543e-19 1 6.08911e-17
vn 0.766574 0 -0.642156
vn 0.76527 -5.45876e-05 -0.64371
vn 0.765281 0 -0.643696
vn 0 1 6.12706e-17
vn -0.644973 0 -0.764206
vn -0.764896 0 0.644154
vn 1.14657e-23 -1 -6.12323e-17
vn 0 -1 -6.12323e-17
vn 1.77676e-22 -1 -6.12326e-17

# Mesh 'defaultobject' with 44 faces
g defaultobject
usemtl DefaultMaterial
f  1//1 2//1 3//1
f  2//1 1//1 4//1
f  2//1 4//1 5//1
f  2//1 5//1 6//1
f  2//1 6//1 7//1
f  8//2 5//2 4//2
f  5//2 8//2 6//3
f  6//4 8//4 7//4
f  7//5 8//5 9//5
f  9//6 8//6 10//6
f  9//6 10//6 11//7
f  9//8 2//8 7//8
f  2//9 9//9 3//9
f  3//10 9//10 12//10
f  12//11 9//6 13//11
f  12//12 1//12 3//12
f  1//12 12//12 14//13
f  14//14 4//14 1//14
f  4//14 14//14 8//14
f  13//11 14//15 12//11
f  14//15 13//11 8//6
f  8//6 13//11 10//6
f  10//6 13//11 11//7
f  11//7 13//11 9//6
f  15//1 16//1 17//1
f  16//1 15//1 18//1
f  16//1 18//1 19//1
f  19//1 18//1 20//1
f  21//16 20//16 18//16
f  20//17 21//17 19//17
f  19//18 21//18 22//18
f  22//19 21//19 23//19
f  22//20 16//20 19//20
f  16//21 22//21 17//21
f  17//22 22//22 8//22
f  8//23 22//19 24//23
f  8//24 15//24 17//24
f  15//24 8//24 14//24
f  14//25 18//25 15//25
f  18//25 14//25 21//25
f  14//15 23//26 21//26
f  23//26 14//15 22//27
f  22//27 14//15 24//28
f  24//28 14//15 8//6

