# {"id":"ID_18","idOriginal":"ID_18","origin":[14.342296348386208,48.27241311549402],"elevation":256.8}
# Longitude: 14.342296348386208
# Latitude: 48.27241311549402
# Elevation: 256.8

# File produced by Open Asset Import Library (http://www.assimp.sf.net)
# (assimp v3.1.0)

mtllib ID_18.obj.mtl

# 98 vertex positions
v  116.406 16.797 67.167
v  21.843 16.797 102.322
v  119.475 16.797 81.479
v  18.787 16.797 88.008
v  18.787 -5.38894e-15 88.008
v  21.843 -6.26542e-15 102.322
v  119.475 -4.98915e-15 81.479
v  116.406 -4.11279e-15 67.167
v  2.536 16.87 11.88
v  44.253 16.87 -9.432
v  0 16.87 1.03299e-15
v  100.084 16.87 -8.945
v  97.544 16.87 -20.79
v  2.536 -7.2744e-16 11.88
v  100.084 5.47723e-16 -8.945
v  97.544 1.27302e-15 -20.79
v  44.253 5.77543e-16 -9.432
v  0 0 0
v  113.018 20.491 51.367
v  18.787 20.491 88.008
v  116.406 20.491 67.167
v  15.413 20.491 72.205
v  15.413 -4.42128e-15 72.205
v  113.018 -3.14532e-15 51.367
v  103.745 16.767 8.128
v  8.883 16.767 41.611
v  106.458 16.767 20.78
v  6.181 16.767 28.957
v  6.181 -1.7731e-15 28.957
v  8.883 -2.54794e-15 41.611
v  106.458 -1.27241e-15 20.78
v  103.745 -4.97696e-16 8.128
v  8.883 19.885 41.611
v  107.178 19.885 24.136
v  106.458 19.885 20.78
v  109.909 19.885 36.871
v  12.318 19.885 57.705
v  12.318 -3.53341e-15 57.705
v  109.909 -2.2577e-15 36.871
v  107.178 -1.4779e-15 24.136
v  133.73 16.874 142.626
v  132.067 16.874 134.839
v  122.097 16.874 145.11
v  132.842 16.874 138.467
v  38.478 16.874 162.961
v  31.479 16.874 147.465
v  34.948 16.874 163.715
v  130.281 16.874 126.371
v  44.253 16.874 161.728
v  63.021 16.874 157.722
v  102.124 16.874 149.374
v  131.8 16.874 133.586
v  130.399 16.874 126.93
v  34.948 -1.00247e-14 163.715
v  38.478 -9.97848e-15 162.961
v  44.253 -9.90298e-15 161.728
v  63.021 -9.65769e-15 157.722
v  102.124 -9.14652e-15 149.374
v  122.097 -8.88542e-15 145.11
v  133.73 -8.73332e-15 142.626
v  130.281 -7.73799e-15 126.371
v  132.842 -8.47866e-15 138.467
v  130.399 -7.77222e-15 126.93
v  132.067 -8.25651e-15 134.839
v  131.8 -8.17978e-15 133.586
v  31.479 -9.02963e-15 147.465
v  27.969 19.855 131.02
v  128.26 19.855 116.773
v  126.797 19.855 109.921
v  129.502 19.855 122.673
v  130.281 19.855 126.371
v  31.479 19.855 147.465
v  27.969 -8.02266e-15 131.02
v  129.502 -7.51156e-15 122.673
v  126.797 -6.73072e-15 109.921
v  128.26 -7.15028e-15 116.773
v  119.475 19.891 81.479
v  25.12 19.891 117.673
v  122.766 19.891 96.827
v  21.843 19.891 102.322
v  25.12 -7.20539e-15 117.673
v  122.766 -5.92894e-15 96.827
v  109.909 16.763 36.871
v  15.413 16.763 72.205
v  113.018 16.763 51.367
v  12.318 16.763 57.705
v  100.084 19.898 -8.945
v  6.181 19.898 28.957
v  103.745 19.898 8.128
v  2.536 19.898 11.88
v  25.12 16.781 117.673
v  123.578 16.781 100.614
v  122.766 16.781 96.827
v  126.797 16.781 109.921
v  27.969 16.781 131.02
v  124.759 16.781 100.373
v  124.759 -6.14607e-15 100.373
v  123.578 -6.16083e-15 100.614

# 0 UV coordinates

# 97 vertex normals
vn 0 1 -0
vn -0.97796 0 0.208792
vn 0.208781 -0 0.977962
vn 0.977772 0 -0.209669
vn -0.208788 0 -0.977961
vn -1.39142e-23 -1 -6.12324e-17
vn -4.63722e-24 -1 -6.12323e-17
vn 0.20878 -0 0.977963
vn 0.977772 0 -0.20967
vn -0.20845 0 -0.978033
vn -0.208456 -0 -0.978032
vn -0.208456 5.98872e-17 -0.978032
vn -0.977966 -1.27831e-17 0.208764
vn -0.977966 0 0.208764
vn 0 -1 -6.12323e-17
vn 1.93157e-25 -1 -6.12323e-17
vn 2.40605e-25 -1 -6.12323e-17
vn -0.977959 0 0.208798
vn 0.208788 -0 0.977961
vn 0.977773 0 -0.209664
vn -0.208788 0 -0.977961
vn -2.10083e-24 -1 -6.12323e-17
vn -0.977954 0 0.208822
vn 0.208782 -0 0.977962
vn 0.977773 0 -0.209666
vn -0.208786 0 -0.977961
vn 2.62436e-24 -1 -6.12323e-17
vn -0.977973 0 0.208732
vn 0.208778 -0 0.977963
vn 0.97777 0 -0.209681
vn 0.977751 -5.85597e-05 -0.209768
vn 0.977766 0 -0.209699
vn 1.05937e-19 1 6.12053e-17
vn -0.208782 0 -0.977962
vn 2.06351e-24 -1 -6.12323e-17
vn -2.06312e-24 -1 -6.12323e-17
vn 0 -1 -6.12903e-17
vn 0.208885 -0 0.97794
vn 0.208801 1.84765e-05 0.977958
vn 0.208885 -3.02188e-05 0.97794
vn 0.208801 0 0.977958
vn 0.208746 0 0.97797
vn 0.208783 0 0.977962
vn 0.208783 0 0.977962
vn 0.208822 0 0.977954
vn 0.977957 0 -0.208806
vn 0.977937 -2.47826e-05 -0.208902
vn 0.978042 0.000213969 -0.208407
vn 0.978556 0.00157671 -0.205973
vn 0.978439 0.0010321 -0.206534
vn 0.978222 0 -0.207559
vn 5.64305e-20 -1 -6.12459e-17
vn -4.48662e-19 -1 -6.11363e-17
vn -1.08672e-20 -1 -6.123e-17
vn 8.79152e-20 -1 -6.12501e-17
vn -0.208792 0 -0.97796
vn -0.977964 0 0.208773
vn -2.0183e-24 -1 -6.12323e-17
vn 1.07745e-22 -1 -6.12321e-17
vn -5.39573e-23 -1 -6.12325e-17
vn -5.31135e-24 -1 -6.12324e-17
vn 1.01986e-23 -1 -6.12323e-17
vn 2.12147e-23 -1 -6.12323e-17
vn -0.977972 0 0.208737
vn 0.208792 -0 0.97796
vn 0.978524 0 -0.206132
vn 0.978553 2.67034e-05 -0.205995
vn 0.977956 -0.00139361 -0.208807
vn 0.978524 0.000922416 -0.206132
vn 0.978234 0 -0.207507
vn -8.02008e-20 1 6.1249e-17
vn -0.208787 0 -0.977961
vn -1.74508e-24 -1 -6.12323e-17
vn -1.99392e-24 -1 -6.12324e-17
vn -6.73057e-20 -1 -6.12176e-17
vn 8.02008e-20 -1 -6.1249e-17
vn -0.977965 0 0.208768
vn 0.208781 -0 0.977962
vn 0.977774 0 -0.20966
vn -0.208781 0 -0.977962
vn 4.32359e-24 -1 -6.12324e-17
vn -0.97797 0 0.208746
vn 0.208788 -0 0.977961
vn 0.977765 0 -0.209704
vn -0.208778 0 -0.977963
vn -0.977971 0 0.208743
vn 0.208786 -0 0.977961
vn 0.977773 0 -0.209666
vn -0.20878 0 -0.977963
vn 0.208787 -0 0.977961
vn 0.97797 0 -0.208745
vn 0.977776 0 -0.209654
vn -0.199942 0 -0.979808
vn -0.208781 0 -0.977962
vn -0.977968 0 0.208753
vn 4.79653e-24 -1 -6.12323e-17
vn -1.92326e-22 -1 -6.12323e-17

# Mesh 'defaultobject' with 192 faces
g defaultobject
usemtl DefaultMaterial
f  1//1 2//1 3//1
f  2//1 1//1 4//1
f  5//2 2//2 4//2
f  2//2 5//2 6//2
f  6//3 3//3 2//3
f  3//3 6//3 7//3
f  7//4 1//4 3//4
f  1//4 7//4 8//4
f  8//5 4//5 1//5
f  4//5 8//5 5//5
f  8//6 6//6 5//6
f  6//6 8//6 7//7
f  9//1 10//1 11//1
f  10//1 9//1 12//1
f  10//1 12//1 13//1
f  14//8 12//8 9//8
f  12//8 14//8 15//8
f  15//9 13//9 12//9
f  13//9 15//9 16//9
f  16//10 10//10 13//10
f  10//10 16//10 17//10
f  10//10 17//10 11//11
f  11//11 17//10 18//12
f  18//13 9//13 11//13
f  9//13 18//13 14//14
f  18//15 15//15 14//15
f  15//15 18//15 17//16
f  15//15 17//16 16//17
f  19//1 20//1 21//1
f  20//1 19//1 22//1
f  23//18 20//18 22//18
f  20//18 23//18 5//2
f  5//19 21//19 20//19
f  21//19 5//19 8//19
f  8//4 19//20 21//20
f  19//20 8//4 24//20
f  24//21 22//21 19//21
f  22//21 24//21 23//21
f  24//22 5//6 23//22
f  5//6 24//22 8//6
f  25//1 26//1 27//1
f  26//1 25//1 28//1
f  29//23 26//23 28//23
f  26//23 29//23 30//23
f  30//24 27//24 26//24
f  27//24 30//24 31//24
f  31//25 25//25 27//25
f  25//25 31//25 32//25
f  32//26 28//26 25//26
f  28//26 32//26 29//26
f  32//15 30//15 29//15
f  30//15 32//15 31//27
f  33//1 34//1 35//1
f  34//1 33//1 36//1
f  36//1 33//1 37//1
f  30//28 37//28 33//28
f  37//28 30//28 38//28
f  38//29 36//29 37//29
f  36//29 38//29 39//29
f  39//30 34//30 36//30
f  34//31 39//31 35//31
f  35//32 39//32 31//32
f  31//33 39//33 40//33
f  31//34 33//34 35//34
f  33//34 31//34 30//34
f  31//27 38//35 30//15
f  38//35 31//27 39//36
f  39//36 31//27 40//37
f  41//1 42//1 43//1
f  42//1 41//1 44//1
f  45//1 46//1 47//1
f  46//1 45//1 48//1
f  48//1 45//1 49//1
f  48//1 49//1 50//1
f  48//1 50//1 51//1
f  48//1 51//1 43//1
f  48//1 43//1 52//1
f  52//1 43//1 42//1
f  48//1 52//1 53//1
f  54//38 45//38 47//38
f  45//39 54//39 49//39
f  49//40 54//40 55//40
f  49//41 55//41 56//41
f  49//42 56//42 50//42
f  50//42 56//42 57//42
f  50//43 57//43 51//43
f  51//43 57//43 58//43
f  51//43 58//43 43//44
f  43//44 58//43 59//44
f  43//45 59//45 41//45
f  41//45 59//45 60//45
f  60//46 44//46 41//46
f  44//47 60//47 42//47
f  42//48 60//48 52//48
f  52//49 60//49 53//49
f  53//50 60//50 48//50
f  48//51 60//51 61//51
f  61//52 60//52 62//52
f  61//52 62//52 63//53
f  63//53 62//52 64//54
f  63//53 64//54 65//55
f  61//56 46//56 48//56
f  46//56 61//56 66//56
f  66//57 47//57 46//57
f  47//57 66//57 54//57
f  61//52 54//58 66//58
f  54//58 61//52 55//59
f  55//59 61//52 56//60
f  56//60 61//52 57//61
f  57//61 61//52 58//62
f  58//62 61//52 59//63
f  59//63 61//52 65//55
f  59//63 65//55 64//54
f  59//63 64//54 60//52
f  65//55 61//52 63//53
f  60//52 64//54 62//52
f  67//1 68//1 69//1
f  68//1 67//1 70//1
f  70//1 67//1 71//1
f  71//1 67//1 72//1
f  73//64 72//64 67//64
f  72//64 73//64 66//64
f  66//65 71//65 72//65
f  71//65 66//65 61//65
f  61//66 70//66 71//66
f  70//67 61//67 68//67
f  68//68 61//68 69//68
f  69//69 61//69 74//69
f  69//70 74//70 75//70
f  75//71 74//71 76//71
f  75//72 67//72 69//72
f  67//72 75//72 73//72
f  73//73 61//52 66//58
f  61//52 73//73 75//74
f  61//52 75//74 74//75
f  74//75 75//74 76//76
f  77//1 78//1 79//1
f  78//1 77//1 80//1
f  6//77 78//77 80//77
f  78//77 6//77 81//77
f  81//78 79//78 78//78
f  79//78 81//78 82//78
f  82//79 77//79 79//79
f  77//79 82//79 7//4
f  7//80 80//80 77//80
f  80//80 7//80 6//80
f  6//6 82//81 81//81
f  82//81 6//6 7//7
f  83//1 84//1 85//1
f  84//1 83//1 86//1
f  38//82 84//82 86//82
f  84//82 38//82 23//82
f  23//83 85//83 84//83
f  85//83 23//83 24//83
f  24//84 83//84 85//84
f  83//84 24//84 39//32
f  39//85 86//85 83//85
f  86//85 39//85 38//85
f  38//35 24//22 23//22
f  24//22 38//35 39//36
f  87//1 88//1 89//1
f  88//1 87//1 90//1
f  14//86 88//86 90//86
f  88//86 14//86 29//86
f  29//87 89//87 88//87
f  89//87 29//87 32//87
f  32//25 87//88 89//88
f  87//88 32//25 15//9
f  15//89 90//89 87//89
f  90//89 15//89 14//89
f  14//15 32//15 29//15
f  32//15 14//15 15//15
f  91//1 92//1 93//1
f  92//1 91//1 94//1
f  94//1 91//1 95//1
f  94//1 96//1 92//1
f  73//90 94//90 95//90
f  94//90 73//90 75//90
f  75//91 96//91 94//91
f  96//91 75//91 97//91
f  98//92 93//92 92//92
f  93//92 98//92 82//79
f  97//93 92//93 96//93
f  92//93 97//93 98//93
f  82//94 91//94 93//94
f  91//94 82//94 81//94
f  81//95 95//95 91//95
f  95//95 81//95 73//95
f  81//81 75//74 73//73
f  75//74 81//81 98//96
f  98//96 81//81 82//81
f  97//97 75//74 98//96

