# {"id":"ID_5533","idOriginal":"ID_5533","origin":[14.307272890396668,48.25092599684053],"elevation":259.05,"wof":[{"Id":102049853,"Name":"Linz","Placetype":"county","Offset":-1},{"Id":101748071,"Name":"Linz","Placetype":"locality","Offset":-1},{"Id":85632785,"Name":"Austria","Placetype":"country","Offset":-1},{"Id":85681677,"Name":"Oberösterreich","Placetype":"region","Offset":-1},{"Id":85898447,"Name":"Scharlinz","Placetype":"neighbourhood","Offset":-1}]}

# Attribution: City of Linz <http://geo.data.linz.gv.at/katalog/geodata/3d_geo_daten_lod2/>
# Longitude: 14.307272890396668
# Latitude: 48.25092599684053
# Elevation: 259.05

# File produced by Open Asset Import Library (http://www.assimp.sf.net)
# (assimp v3.1.0)


# 52 vertex positions
v  15.443 17.85 -11.169
v  25.21 17.65 -4.794
v  25.462 17.85 -10.745
v  15.225 17.677 -6.026
v  15.191 17.65 -5.218
v  24.962 17.847 1.057
v  14.943 17.847 0.633
v  24.962 -6.47226e-17 1.057
v  25.462 6.57941e-16 -10.745
v  25.21 2.93548e-16 -4.794
v  15.443 6.83904e-16 -11.169
v  15.225 3.68986e-16 -6.026
v  14.943 -3.87601e-17 0.633
v  15.191 3.1951e-16 -5.218
v  9.375 17.899 -6.273
v  15.191 17.899 -5.218
v  15.225 17.899 -6.026
v  9.341 17.899 -5.466
v  9.093 17.899 0.385
v  14.943 17.899 0.633
v  9.375 3.8411e-16 -6.273
v  9.093 -2.35745e-17 0.385
v  9.341 3.34696e-16 -5.466
v  0 17.847 1.09281e-15
v  9.341 17.65 -5.466
v  0.23 17.65 -5.851
v  9.093 17.847 0.385
v  0.464 17.85 -11.803
v  9.375 17.677 -6.273
v  9.593 17.85 -11.417
v  0 0 0
v  9.593 6.9909e-16 -11.417
v  0.464 7.22725e-16 -11.803
v  0.23 3.5827e-16 -5.851
v  0.514 17.899 -13.071
v  9.657 17.899 -12.932
v  0.524 17.899 -13.318
v  0.464 17.899 -11.803
v  9.593 17.899 -11.417
v  15.507 17.899 -12.684
v  15.443 17.899 -11.169
v  25.526 17.899 -12.26
v  25.462 17.899 -10.745
v  25.526 7.50708e-16 -12.26
v  15.507 7.76671e-16 -12.684
v  0.524 8.15492e-16 -13.318
v  9.657 7.91857e-16 -12.932
v  0.514 8.00368e-16 -13.071
v  9.375 19.88 -6.273
v  15.443 19.88 -11.169
v  9.593 19.88 -11.417
v  15.225 19.88 -6.026

# 0 UV coordinates

# 75 vertex normals
vn -0.00141893 0.999437 0.0335289
vn -0.00143799 0.999436 0.0335581
vn -0.00141087 0.999443 0.0333384
vn 0.00142153 0.999435 -0.0335903
vn 0.00142153 0.999435 -0.0335903
vn 0.999103 -0 0.0423478
vn 0.999105 -1.3335e-05 0.0423076
vn 0.999104 0 0.0423277
vn 0 1 6.12293e-17
vn 0.0422817 0 -0.999106
vn -0.999103 0 -0.0423496
vn -0.999116 -8.86452e-05 -0.0420454
vn -0.999103 1.36778e-05 -0.0423484
vn -0.999103 1.44734e-05 -0.0423496
vn -0.999104 -0 -0.0423109
vn -1.4625e-19 -1 -6.12286e-17
vn -0.0422818 0 0.999106
vn 0 -1 -6.12323e-17
vn 0 1 0
vn 0.999103 -0 0.0423479
vn 0.999116 -0.000100021 0.0420425
vn 0.999104 0 0.0423109
vn 7.31304e-20 1 6.12353e-17
vn 0.0421846 0 -0.99911
vn -0.999114 0 -0.0420945
vn -0.999103 1.14382e-05 -0.0423478
vn -0.999104 -0 -0.0423171
vn 0 -1 -6.12345e-17
vn -0.0423551 0 0.999103
vn 0.0014196 0.999435 -0.0335947
vn 0.00142222 0.999435 -0.0335902
vn -0.00141869 0.999436 0.0335524
vn -0.00131393 0.999442 0.0333838
vn -0.00141676 0.999437 0.0335277
vn -0.0423024 -6.11775e-17 0.999105
vn -0.0423024 0 0.999105
vn 0.999103 -0 0.0423478
vn 0.999114 -8.50445e-05 0.0420917
vn 0.999103 9.35799e-06 0.0423419
vn 0.999104 -7.06927e-06 0.0423171
vn 0.999103 0 0.0423415
vn 1.10389e-19 1 6.12369e-17
vn 0.042245 0 -0.999107
vn -0.999228 0 -0.0392842
vn -0.999228 -1.70222e-06 -0.0392791
vn -0.999228 2.40531e-18 -0.0392817
vn 0 1 6.1146e-17
vn 0 -1 -6.12323e-17
vn 0 -1 -6.12323e-17
vn 3.97357e-24 -1 -6.12323e-17
vn -0.0422451 0 0.999107
vn -0.0423552 5.62542e-05 0.999103
vn -0.0422817 -5.29994e-06 0.999106
vn -0.0422855 0 0.999106
vn -1.91682e-21 1 6.1277e-17
vn 0.999109 -0 0.0422073
vn 0.0422817 0 -0.999106
vn 0.0423551 4.11714e-05 -0.999103
vn 0.0422266 -7.30072e-05 -0.999108
vn 0.0422817 4.14432e-06 -0.999106
vn 0.0422768 0 -0.999106
vn 2.40217e-22 1 6.12302e-17
vn -0.999181 0 -0.0404527
vn -0.999223 -1.45289e-05 -0.0394015
vn -0.999217 -0 -0.0395729
vn -1.20317e-19 1 6.12262e-17
vn -1.95835e-24 -1 -6.12323e-17
vn -1.95835e-24 -1 -6.12323e-17
vn -5.77626e-24 -1 -6.12323e-17
vn -4.53588e-24 -1 -6.12324e-17
vn 1.40368e-19 -1 -6.12266e-17
vn -0.0421846 0 0.99911
vn 0.999103 -0 0.0423496
vn 0.0423551 0 -0.999103
vn -0.999103 0 -0.0423415

# Mesh 'defaultobject' with 112 faces
g defaultobject
usemtl DefaultMaterial
f  1//1 2//1 3//1
f  2//2 1//2 4//2
f  2//3 4//3 5//3
f  6//4 5//4 7//4
f  5//4 6//4 2//5
f  8//6 2//6 6//6
f  2//7 8//7 3//7
f  3//8 8//8 9//8
f  9//9 8//9 10//9
f  9//10 1//10 3//10
f  1//10 9//10 11//10
f  11//11 4//11 1//11
f  4//12 11//12 5//12
f  5//13 11//13 7//13
f  7//13 11//13 12//14
f  7//15 12//15 13//15
f  13//16 12//16 14//16
f  13//17 6//17 7//17
f  6//17 13//17 8//17
f  10//18 11//18 9//18
f  11//18 10//18 8//18
f  11//18 8//18 14//16
f  14//16 8//18 13//16
f  11//18 14//16 12//16
f  15//19 16//19 17//19
f  16//19 15//19 18//19
f  16//19 18//19 19//19
f  16//19 19//19 20//19
f  13//20 16//20 20//20
f  16//21 13//21 17//21
f  17//22 13//22 12//22
f  12//23 13//23 14//23
f  12//24 15//24 17//24
f  15//24 12//24 21//24
f  21//25 18//25 15//25
f  18//26 21//26 19//26
f  19//27 21//27 22//27
f  22//28 21//28 23//28
f  22//29 20//29 19//29
f  20//29 22//29 13//29
f  14//16 21//28 12//16
f  21//28 14//16 13//16
f  21//28 13//16 23//28
f  23//28 13//16 22//28
f  24//30 25//30 26//30
f  25//30 24//30 27//31
f  28//32 29//32 30//32
f  29//33 28//33 25//33
f  25//34 28//34 26//34
f  31//35 27//35 24//35
f  27//35 31//35 22//36
f  22//37 25//37 27//37
f  25//38 22//38 29//38
f  29//39 22//39 30//39
f  30//40 22//40 21//40
f  30//39 21//41 32//41
f  21//42 22//42 23//42
f  32//43 28//43 30//43
f  28//43 32//43 33//43
f  33//44 26//44 28//44
f  26//44 33//44 24//45
f  24//45 33//44 31//46
f  31//47 33//47 34//47
f  21//28 33//48 32//48
f  33//48 21//28 34//49
f  34//49 21//28 23//28
f  34//49 23//28 22//28
f  34//49 22//28 31//50
f  35//19 36//19 37//19
f  36//19 35//19 38//19
f  36//19 38//19 39//19
f  36//19 39//19 40//19
f  40//19 39//19 41//19
f  40//19 41//19 42//19
f  42//19 41//19 43//19
f  33//51 39//51 38//51
f  39//52 33//52 41//52
f  41//53 33//53 43//53
f  43//53 33//53 9//54
f  9//18 33//48 32//48
f  9//9 32//55 11//55
f  9//56 42//56 43//56
f  42//56 9//56 44//56
f  44//57 40//57 42//57
f  40//58 44//58 36//58
f  36//59 44//59 37//59
f  37//60 44//57 45//60
f  37//60 45//60 46//61
f  46//62 45//62 47//62
f  46//63 35//63 37//63
f  35//64 46//64 38//64
f  38//65 46//65 33//65
f  33//47 46//62 48//66
f  11//18 44//67 9//18
f  44//67 11//18 45//68
f  45//68 11//18 32//48
f  45//68 32//48 47//69
f  47//69 32//48 33//48
f  47//69 33//48 46//70
f  46//70 33//48 48//71
f  49//19 50//19 51//19
f  50//19 49//19 52//19
f  21//72 52//72 49//72
f  52//72 21//72 12//72
f  12//73 50//73 52//73
f  50//73 12//73 11//73
f  11//74 51//74 50//74
f  51//74 11//74 32//74
f  32//75 49//75 51//75
f  49//75 32//75 21//75
f  32//48 12//16 21//28
f  12//16 32//48 11//18

