# {"id":"ID_8357","idOriginal":"ID_8357","origin":[14.36229430308836,48.25323130979337],"elevation":250.73}
# Longitude: 14.36229430308836
# Latitude: 48.25323130979337
# Elevation: 250.73

# File produced by Open Asset Import Library (http://www.assimp.sf.net)
# (assimp v3.1.0)

mtllib ID_8357.obj.mtl

# 29 vertex positions
v  16.925 5.987 -11.027
v  20.427 3.078 0.281
v  22.528 3.078 -9.867
v  14.824 5.987 -0.88
v  16.209 5.268 -0.593
v  14.824 5.38845e-17 -0.88
v  20.427 -1.72063e-17 0.281
v  16.209 3.63108e-17 -0.593
v  22.528 6.04179e-16 -9.867
v  16.925 6.75209e-16 -11.027
v  9.856 8.381 -12.491
v  14.824 5.481 -0.88
v  16.925 5.481 -11.027
v  14.726 5.521 -0.9
v  14.706 5.521 -0.802
v  13.942 5.521 2.886
v  7.735 8.381 -2.246
v  6.971 8.381 1.443
v  2.885 5.521 -13.934
v  0.764 5.521 -3.689
v  0 5.521 3.38064e-16
v  0 0 0
v  6.971 -8.83583e-17 1.443
v  13.942 -1.76717e-16 2.886
v  14.726 5.51091e-17 -0.9
v  14.706 4.91083e-17 -0.802
v  9.856 7.64853e-16 -12.491
v  2.885 8.53211e-16 -13.934
v  0.764 2.25886e-16 -3.689

# 0 UV coordinates

# 45 vertex normals
vn 0.443786 0.89141 0.0918796
vn 0.443772 0.891417 0.0918856
vn 0.287582 0.178499 -0.940976
vn -0.20291 0 0.979198
vn -0.202899 -2.98139e-06 0.9792
vn -0.2029 0 0.979199
vn 8.56654e-20 1 6.09937e-17
vn 0.979233 -0 0.202736
vn 0.202733 0 -0.979234
vn -0.979229 0 -0.202755
vn 1.18591e-24 -1 -6.12323e-17
vn -2.88931e-23 -1 -6.12324e-17
vn 1.25003e-23 -1 -6.12323e-17
vn 0.365021 0.927926 0.07558
vn 0.363381 0.928501 0.0764256
vn 0.36657 0.927378 0.0748084
vn 0.364976 0.927942 0.0756078
vn 0.365064 0.92791 0.0755784
vn 0.365047 0.927914 0.075602
vn -0.365052 0.927914 -0.075576
vn -0.365052 0.927914 -0.0755759
vn -0.365047 0.927914 -0.075602
vn -0.202703 -5.99612e-17 0.97924
vn -0.202703 0 0.97924
vn -0.202703 0 0.97924
vn -0.199959 0 0.979804
vn -0.199959 0 0.979804
vn 0.97921 -0 0.202851
vn 0.979803 -0.00201701 0.199955
vn 0.979225 0 0.202777
vn -1.33678e-20 1 6.123e-17
vn 0.979229 -0 0.202755
vn 0.202798 0 -0.979221
vn 0.202798 0 -0.979221
vn 0.202703 0 -0.97924
vn 0.202703 0 -0.97924
vn -0.97922 0 -0.202799
vn -0.979235 0 -0.202729
vn 0 -1 -6.12323e-17
vn 0 -1 -6.12323e-17
vn 1.19457e-21 -1 -6.12328e-17
vn 3.15854e-23 -1 -6.12324e-17
vn -6.27141e-24 -1 -6.12323e-17
vn 0 -1 -6.12323e-17
vn -3.94799e-24 -1 -6.12323e-17

# Mesh 'defaultobject' with 54 faces
g defaultobject
usemtl DefaultMaterial
f  1//1 2//1 3//1
f  2//2 1//2 4//2
f  2//3 4//3 5//3
f  6//4 5//4 4//4
f  5//5 6//5 2//5
f  2//5 6//4 7//6
f  7//7 6//7 8//7
f  7//8 3//8 2//8
f  3//8 7//8 9//8
f  3//9 10//9 1//9
f  10//9 3//9 9//9
f  10//10 4//10 1//10
f  4//10 10//10 6//10
f  8//11 9//11 7//11
f  9//11 8//11 6//12
f  9//11 6//12 10//13
f  11//14 12//14 13//14
f  12//15 11//15 14//15
f  14//16 11//16 15//16
f  15//17 11//17 16//17
f  16//18 11//18 17//18
f  16//19 17//19 18//19
f  19//20 17//20 11//20
f  17//20 19//20 20//21
f  17//22 20//22 18//22
f  18//22 20//22 21//22
f  22//23 18//23 21//23
f  18//23 22//23 23//24
f  18//23 23//24 16//24
f  16//24 23//24 24//25
f  25//26 12//26 14//26
f  12//26 25//26 6//27
f  24//28 15//28 16//28
f  15//29 24//29 14//29
f  14//30 24//30 25//30
f  25//31 24//31 26//31
f  6//32 13//32 12//32
f  13//32 6//32 10//32
f  10//33 11//33 13//33
f  11//33 10//33 27//34
f  11//35 27//35 19//35
f  19//35 27//35 28//36
f  20//37 22//37 21//37
f  22//37 20//37 29//37
f  29//38 20//38 19//38
f  29//38 19//38 28//38
f  6//12 27//39 10//13
f  27//39 6//12 25//40
f  27//39 25//40 26//41
f  27//39 26//41 24//42
f  27//39 24//42 28//43
f  28//43 24//42 23//44
f  28//43 23//44 29//39
f  29//39 23//44 22//45

