# {"id":"ID_10723","idOriginal":"ID_10723","origin":[14.35774186798528,48.25770258759071],"elevation":250.37,"wof":[{"Id":102049853,"Name":"Linz","Placetype":"county","Offset":-1},{"Id":85632785,"Name":"Austria","Placetype":"country","Offset":-1},{"Id":101748071,"Name":"Linz","Placetype":"locality","Offset":-1},{"Id":85681677,"Name":"Oberösterreich","Placetype":"region","Offset":-1},{"Id":85898441,"Name":"Posch","Placetype":"neighbourhood","Offset":-1}]}

# Attribution: City of Linz <http://geo.data.linz.gv.at/katalog/geodata/3d_geo_daten_lod2/>
# Longitude: 14.35774186798528
# Latitude: 48.25770258759071
# Elevation: 250.37

# File produced by Open Asset Import Library (http://www.assimp.sf.net)
# (assimp v3.1.0)


# 46 vertex positions
v  16.139 11.075 14.232
v  8.094 11.47 7.666
v  8.414 11.47 14.608
v  15.826 11.075 7.431
v  15.82 11.075 7.29
v  0.368 11.075 8.042
v  0.372 11.075 8.123
v  0.477 11.075 10.431
v  0.584 11.075 12.756
v  0.686 11.075 14.984
v  0.686 -9.17505e-16 14.984
v  0.477 -6.38715e-16 10.431
v  0.368 -4.9243e-16 8.042
v  0.584 -7.8108e-16 12.756
v  0.372 -4.9739e-16 8.123
v  16.139 -8.71459e-16 14.232
v  8.414 -8.94482e-16 14.608
v  15.82 -4.46384e-16 7.29
v  15.826 -4.55018e-16 7.431
v  8.094 -4.69407e-16 7.666
v  7.724 11.47 -0.377
v  15.668 11.075 3.993
v  15.449 11.075 -0.753
v  7.942 11.47 4.369
v  0 11.075 6.78148e-16
v  0.05 11.075 1.093
v  0.156 11.075 3.405
v  0.217 11.075 4.745
v  0.217 -2.90547e-16 4.745
v  15.668 -2.44501e-16 3.993
v  7.942 -2.67524e-16 4.369
v  15.449 4.6108e-17 -0.753
v  0 0 0
v  7.724 2.30846e-17 -0.377
v  0.156 -2.08496e-16 3.405
v  0.05 -6.69269e-17 1.093
v  15.715 12.815 5.011
v  8.094 11.93 7.666
v  15.82 11.93 7.29
v  15.668 13.21 3.993
v  7.942 13.21 4.369
v  0.368 11.93 8.042
v  0.261 12.838 5.702
v  0.217 13.21 4.745
v  0.261 -3.49147e-16 5.702
v  15.715 -3.06835e-16 5.011

# 0 UV coordinates

# 72 vertex normals
vn 0.0509519 0.998698 -0.00234869
vn 0.0509487 0.998699 -0.00234479
vn 0.0509541 0.998699 -0.00216837
vn -0.0509453 0.998699 0.00234838
vn -0.0510871 0.998691 0.0025228
vn -0.0509215 0.9987 0.00231663
vn -0.0509359 0.998699 0.00234414
vn -0.050933 0.998699 0.00233175
vn -0.998954 0 0.0457331
vn -0.998943 4.83409e-05 0.0459728
vn -0.998967 -0.000168321 0.0454469
vn -0.99878 0.00223799 0.0493223
vn -0.998948 5.99074e-05 0.0458555
vn -0.998961 0 0.0455784
vn -1.27456e-19 -1 -6.12268e-17
vn 1.45639e-19 -1 -6.12366e-17
vn 0.0485968 -0 0.998818
vn 0.0486149 -1.22084e-05 0.998818
vn 0.0486062 0 0.998818
vn 5.61256e-20 1 6.23644e-17
vn 0.998943 0 -0.0459739
vn 0.999093 0.00212629 -0.0425184
vn 0.998946 0 -0.0459038
vn 1.59295e-20 -1 -6.12331e-17
vn -0.0486093 0 -0.998818
vn -0.0486093 0 -0.998818
vn 1.18134e-23 -1 -6.12323e-17
vn 0.0509518 0.998698 -0.00235112
vn 0.0509457 0.998699 -0.00234011
vn -0.0509585 0.998698 0.0023407
vn -0.0509532 0.998698 0.0023309
vn -0.0509553 0.998698 0.00233618
vn -0.0509533 0.998698 0.00231952
vn 0.0486156 -0 0.998818
vn 0.0486095 4.09933e-06 0.998818
vn 0.0486124 0 0.998818
vn 0 -1 -6.121e-17
vn 0.998937 0 -0.046095
vn -0.0486156 0 -0.998818
vn -0.0487464 -8.82896e-05 -0.998811
vn -0.0486832 6.11597e-17 -0.998814
vn 2.04217e-22 1 6.12358e-17
vn -0.998966 0 0.0454753
vn -0.998951 3.93261e-05 0.0457996
vn -0.998955 5.69601e-06 0.0456979
vn -0.998966 -8.98652e-05 0.0454753
vn -0.998952 0 0.045767
vn 2.05146e-19 1 6.12232e-17
vn -2.88144e-24 -1 -6.12323e-17
vn -1.80073e-25 -1 -6.12323e-17
vn -1.5639e-24 -1 -6.12323e-17
vn 0 -1 -6.12323e-17
vn 0.01758 0.93231 0.361232
vn 0.0174816 0.932409 0.360982
vn 0.0175762 0.932341 0.361154
vn 0.0175762 0.932341 0.361154
vn 0.0174932 0.9324 0.361003
vn 0.0175976 0.932188 0.361546
vn -0.998945 0 0.0459285
vn -0.998956 1.81306e-05 0.0456858
vn -0.998953 0 0.0457513
vn 1.88733e-19 -1 -6.1241e-17
vn 0.0486093 -0 0.998818
vn 0.998936 0 -0.0461198
vn 0.99894 -7.40849e-06 -0.0460267
vn 0.998939 0 -0.0460534
vn -3.55651e-19 1 6.12497e-17
vn -0.0486093 0 -0.998818
vn -0.0486156 -3.68241e-06 -0.998818
vn -0.0486124 -0 -0.998818
vn 0 1 6.121e-17
vn 3.74989e-25 -1 -6.12323e-17

# Mesh 'defaultobject' with 92 faces
g defaultobject
usemtl DefaultMaterial
f  1//1 2//1 3//1
f  2//1 1//1 4//2
f  2//3 4//3 5//3
f  6//4 3//4 2//4
f  3//5 6//5 7//5
f  3//6 7//6 8//6
f  3//7 8//7 9//7
f  3//8 9//8 10//8
f  9//9 11//9 10//9
f  11//10 9//10 8//10
f  11//11 8//11 7//11
f  11//12 7//12 6//12
f  11//13 6//13 12//13
f  12//14 6//14 13//14
f  11//15 12//15 14//15
f  12//15 13//16 15//16
f  11//17 3//17 10//17
f  3//18 11//18 1//18
f  1//19 11//17 16//19
f  16//20 11//20 17//20
f  16//21 4//21 1//21
f  4//22 16//22 5//22
f  5//23 16//23 18//23
f  18//24 16//24 19//24
f  18//25 2//25 5//25
f  2//25 18//25 6//26
f  6//26 18//25 13//25
f  13//16 18//25 20//11
f  17//27 19//24 16//24
f  19//24 17//27 18//24
f  18//24 17//27 20//11
f  20//11 17//27 11//15
f  20//11 11//15 15//16
f  20//11 15//16 13//16
f  15//16 11//15 14//15
f  15//16 14//15 12//15
f  21//28 22//28 23//28
f  22//29 21//29 24//29
f  25//30 24//30 21//30
f  24//31 25//31 26//31
f  24//30 26//31 27//32
f  24//33 27//33 28//33
f  29//34 24//34 28//34
f  24//34 29//34 22//35
f  22//35 29//34 30//36
f  30//37 29//37 31//37
f  30//38 23//38 22//38
f  23//38 30//38 32//38
f  32//39 21//39 23//39
f  21//40 32//40 25//40
f  25//41 32//41 33//41
f  33//42 32//42 34//42
f  27//43 29//43 28//43
f  29//44 27//44 26//44
f  29//45 26//45 25//45
f  29//46 25//46 35//46
f  35//47 25//47 33//47
f  35//48 33//42 36//48
f  30//37 34//49 32//49
f  34//49 30//37 33//50
f  33//50 30//37 36//51
f  36//51 30//37 35//52
f  35//52 30//37 31//37
f  35//52 31//37 29//37
f  37//53 38//53 39//53
f  38//54 37//54 40//54
f  38//55 40//55 41//55
f  38//55 41//55 42//56
f  42//57 41//57 43//57
f  43//58 41//58 44//58
f  29//59 43//59 44//59
f  43//60 29//60 42//60
f  42//61 29//61 13//61
f  13//16 29//37 45//62
f  13//63 38//63 42//63
f  38//63 13//63 39//63
f  39//63 13//63 18//63
f  18//25 13//61 20//11
f  37//64 30//64 40//64
f  30//65 37//65 39//65
f  30//66 39//66 18//66
f  30//67 18//67 46//67
f  30//68 41//68 40//68
f  41//68 30//68 44//69
f  44//69 30//68 29//70
f  29//71 30//67 31//71
f  20//11 46//72 18//24
f  46//72 20//11 30//37
f  30//37 20//11 31//37
f  31//37 20//11 13//16
f  31//37 13//16 45//62
f  31//37 45//62 29//37

