# {"id":"ID_8028","idOriginal":"ID_8028","origin":[14.309100741355165,48.25192163230321],"elevation":258.74}
# Longitude: 14.309100741355165
# Latitude: 48.25192163230321
# Elevation: 258.74

# File produced by Open Asset Import Library (http://www.assimp.sf.net)
# (assimp v3.1.0)

mtllib ID_8028.obj.mtl

# 40 vertex positions
v  4.355 28.36 -7.668
v  10.295 28.36 -11.687
v  4.553 28.36 -11.963
v  10.097 28.36 -7.392
v  4.355 4.6953e-16 -7.668
v  10.097 4.52629e-16 -7.392
v  10.295 7.15622e-16 -11.687
v  4.553 7.32523e-16 -11.963
v  10.69 26.046 -20.273
v  13.509 26.05 -11.532
v  13.935 26.05 -20.117
v  4.948 26.046 -20.549
v  13.296 26.049 -7.239
v  0.956 26.046 -20.741
v  12.906 26.047 0.607
v  0.56 26.046 -12.155
v  12.706 26.047 0.598
v  9.735 26.046 0.458
v  0.362 26.046 -7.86
v  3.993 26.046 0.188
v  0.236 26.046 -5.122
v  0 26.046 1.59486e-15
v  0.956 1.27002e-15 -20.741
v  0 0 0
v  0.236 3.13632e-16 -5.122
v  0.56 7.44279e-16 -12.155
v  0.362 4.81286e-16 -7.86
v  12.906 -3.7168e-17 0.607
v  3.993 -1.15117e-17 0.188
v  9.735 -2.80444e-17 0.458
v  12.706 -3.66169e-17 0.598
v  13.296 4.43261e-16 -7.239
v  13.935 1.23181e-15 -20.117
v  13.509 7.06131e-16 -11.532
v  10.69 1.24136e-15 -20.273
v  4.948 1.25826e-15 -20.549
v  4.355 26.046 -7.668
v  10.097 26.046 -7.392
v  10.295 26.046 -11.687
v  4.553 26.046 -11.963

# 0 UV coordinates

# 55 vertex normals
vn 0 1 0
vn -0.0480114 0 0.998847
vn 0.998939 -0 0.0460512
vn 0.0480114 0 -0.998847
vn -0.998939 0 -0.0460512
vn 3.74827e-24 -1 -6.12323e-17
vn -0.00122964 0.999999 -6.10167e-05
vn 2.23408e-05 1 -0.000464785
vn -0.000677031 1 0.000199218
vn 1.11788e-05 1 -0.000232425
vn -0.00049497 1 0.000230164
vn -7.7417e-05 1 -3.57059e-06
vn 3.69159e-06 1 -8.20353e-05
vn -0.000349007 1 0.000253876
vn -0.998938 0 -0.0460726
vn -0.998939 -7.06933e-06 -0.0460512
vn -0.998943 -4.71531e-05 -0.0459703
vn -0.99894 -1.31501e-05 -0.0460269
vn -0.998939 2.81935e-18 -0.0460434
vn -7.23469e-19 1 6.12085e-17
vn 2.64418e-19 1 6.12457e-17
vn -1.10974e-19 1 6.12332e-17
vn -0.0470303 -6.11646e-17 0.998893
vn -0.04697 -9.25591e-06 0.998896
vn -0.0470699 2.81622e-05 0.998892
vn -0.0449545 -0.00100598 0.998989
vn -0.0469805 0 0.998896
vn -6.42015e-22 1 6.12431e-17
vn 2.02655e-21 1 6.11963e-17
vn -6.14996e-23 1 6.12337e-17
vn 0.998767 -0 0.0496455
vn 0.998771 -2.73943e-05 0.0495548
vn 0.998771 -2.47049e-05 0.0495605
vn 0.998767 4.30559e-05 0.0496455
vn 0.998771 0 0.0495586
vn -1.99143e-18 -1 -6.1361e-17
vn 0.0480185 0 -0.998846
vn 0.0480113 -9.05243e-07 -0.998847
vn 0.0480405 9.20502e-06 -0.998845
vn 0.0480185 -1.7751e-06 -0.998846
vn 0.0480113 -4.48959e-06 -0.998847
vn 0.0480405 0 -0.998845
vn 0.0480114 0 -0.998847
vn -0.998939 0 -0.0460512
vn -0.0480114 0 0.998847
vn 0.998939 -0 0.0460512
vn 5.16571e-24 -1 -6.12323e-17
vn 0 -1 -6.12323e-17
vn 7.92765e-24 -1 -6.12323e-17
vn -8.4837e-25 -1 -6.12323e-17
vn 1.54873e-23 -1 -6.12324e-17
vn 2.37181e-24 -1 -6.12323e-17
vn 3.80525e-24 -1 -6.12323e-17
vn -3.6986e-23 -1 -6.12323e-17
vn 1.89354e-19 -1 -6.51865e-17

# Mesh 'defaultobject' with 72 faces
g defaultobject
usemtl DefaultMaterial
f  1//1 2//1 3//1
f  2//1 1//1 4//1
f  5//2 4//2 1//2
f  4//2 5//2 6//2
f  6//3 2//3 4//3
f  2//3 6//3 7//3
f  7//4 3//4 2//4
f  3//4 7//4 8//4
f  8//5 1//5 3//5
f  1//5 8//5 5//5
f  5//6 7//6 6//6
f  7//6 5//6 8//6
f  9//7 10//7 11//7
f  10//8 9//8 12//8
f  10//9 12//9 13//9
f  13//10 12//10 14//10
f  13//11 14//11 15//11
f  15//12 14//12 16//12
f  15//13 16//13 17//13
f  17//14 16//14 18//14
f  18//1 16//1 19//1
f  18//1 19//1 20//1
f  20//1 19//1 21//1
f  20//1 21//1 22//1
f  23//15 16//15 14//15
f  16//16 23//16 19//16
f  19//17 23//17 21//17
f  21//18 23//18 22//18
f  22//19 23//19 24//19
f  24//20 23//20 25//20
f  25//20 23//20 26//21
f  25//20 26//21 27//22
f  24//23 20//23 22//23
f  20//24 24//24 18//24
f  18//25 24//25 17//25
f  17//26 24//26 15//26
f  15//27 24//27 28//27
f  28//28 24//20 29//28
f  28//28 29//28 30//29
f  28//28 30//29 31//30
f  28//31 13//31 15//31
f  13//32 28//32 10//32
f  10//32 28//32 11//33
f  11//34 28//34 32//34
f  11//35 32//35 33//35
f  33//36 32//36 34//36
f  33//37 9//37 11//37
f  9//37 33//37 12//38
f  12//39 33//39 14//39
f  14//40 33//37 35//40
f  14//40 35//40 36//41
f  14//39 36//42 23//42
f  6//43 37//43 38//43
f  37//43 6//43 5//43
f  7//44 38//44 39//44
f  38//44 7//44 6//44
f  8//45 39//45 40//45
f  39//45 8//45 7//45
f  5//46 40//46 37//46
f  40//46 5//46 8//46
f  25//47 29//47 24//47
f  29//47 25//47 30//48
f  30//48 25//47 27//49
f  30//48 27//49 31//50
f  31//50 27//49 26//51
f  31//50 26//51 28//52
f  28//52 26//51 32//36
f  32//36 26//51 23//53
f  32//36 23//53 34//36
f  34//36 23//53 36//54
f  34//36 36//54 33//36
f  33//36 36//54 35//55

