# File produced by Open Asset Import Library (http://www.assimp.sf.net)
# (assimp v3.1.0)

mtllib ID_27127.obj.mtl

# 12 vertex positions
v  0.337 4.049 -0.128
v  12.182 4.049 4.623
v  9.124 4.049 -3.456
v  0.103 4.049 -0.039
v  0 4.049 2.4793e-16
v  3.039 4.049 8.062
v  12.182 -2.83077e-16 4.623
v  9.124 2.11619e-16 -3.456
v  0.337 7.83774e-18 -0.128
v  0 0 0
v  0.103 2.38806e-18 -0.039
v  3.039 -4.93655e-16 8.062

# 0 UV coordinates

# 11 vertex normals
vn -0 1 0
vn 0.935245 0 -0.354002
vn -0.354189 0 -0.935174
vn -0.355497 -0 -0.934677
vn -0.354107 9.19373e-05 -0.935205
vn -0.355072 5.72424e-17 -0.934839
vn 6.30479e-22 -1 -6.12321e-17
vn -0.935727 -2.15982e-17 0.352726
vn -0.935727 0 0.352726
vn 0.352054 -0 0.93598
vn 0 -1 -6.12323e-17

# Mesh 'defaultobject' with 20 faces
g defaultobject
usemtl DefaultMaterial
f  1//1 2//1 3//1
f  2//1 1//1 4//1
f  2//1 4//1 5//1
f  2//1 5//1 6//1
f  7//2 3//2 2//2
f  3//2 7//2 8//2
f  8//3 1//3 3//3
f  1//3 8//3 9//3
f  1//4 9//4 4//4
f  4//5 9//5 5//5
f  5//6 9//6 10//6
f  10//7 9//7 11//7
f  10//8 6//8 5//8
f  6//8 10//8 12//9
f  12//10 2//10 6//10
f  2//10 12//10 7//10
f  12//11 8//11 7//11
f  8//11 12//11 9//7
f  9//7 12//11 11//7
f  11//7 12//11 10//7

