# {"id":"ID_56283","idOriginal":"ID_56283","origin":[14.287122540398327,48.31332824234689],"elevation":259.701,"wof":[{"Id":102049853,"Name":"Linz","Placetype":"county","Offset":-1},{"Id":101748071,"Name":"Linz","Placetype":"locality","Offset":-1},{"Id":85681677,"Name":"Oberösterreich","Placetype":"region","Offset":-1},{"Id":85898449,"Name":"Steeg","Placetype":"neighbourhood","Offset":-1},{"Id":85632785,"Name":"Austria","Placetype":"country","Offset":-1}]}

# Attribution: City of Linz <http://geo.data.linz.gv.at/katalog/geodata/3d_geo_daten_lod2/>
# Longitude: 14.287122540398327
# Latitude: 48.31332824234689
# Elevation: 259.701

# File produced by Open Asset Import Library (http://www.assimp.sf.net)
# (assimp v3.1.0)


# 10 vertex positions
v  0.735 13.15 0.875
v  2.129 13.15 -1.794
v  0 13.15 8.05205e-16
v  4.942 13.15 -2.659
v  4.202 13.15 -3.54
v  4.942 1.62817e-16 -2.659
v  4.202 2.16762e-16 -3.54
v  0 0 0
v  2.129 1.09851e-16 -1.794
v  0.735 -5.35783e-17 0.875

# 0 UV coordinates

# 12 vertex normals
vn 0 1 0
vn 0.765722 0 -0.643172
vn -0.644204 0 -0.764854
vn -0.644379 -4.72206e-05 -0.764706
vn -0.644293 4.68292e-17 -0.764779
vn -3.06268e-20 1 6.11924e-17
vn -0.765705 -3.93842e-17 0.643192
vn -0.765705 0 0.643192
vn 0.643205 -0 0.765694
vn -1.6749e-23 -1 -6.12323e-17
vn 3.41665e-23 -1 -6.12323e-17
vn 0 -1 -6.12323e-17

# Mesh 'defaultobject' with 16 faces
g defaultobject
usemtl DefaultMaterial
f  1//1 2//1 3//1
f  2//1 1//1 4//1
f  2//1 4//1 5//1
f  6//2 5//2 4//2
f  5//2 6//2 7//2
f  7//3 2//3 5//3
f  2//4 7//4 3//4
f  3//5 7//5 8//5
f  8//6 7//6 9//6
f  8//7 1//7 3//7
f  1//7 8//7 10//8
f  10//9 4//9 1//9
f  4//9 10//9 6//9
f  10//10 7//10 6//10
f  7//10 10//10 9//11
f  9//11 10//10 8//12

