# {"id":"ID_10578","idOriginal":"ID_10578","origin":[14.327680734888245,48.24422550840822],"elevation":257.95,"wof":[{"Id":85681677,"Name":"Oberösterreich","Placetype":"region","Offset":-1},{"Id":85898451,"Name":"Ufer","Placetype":"neighbourhood","Offset":-1},{"Id":102049853,"Name":"Linz","Placetype":"county","Offset":-1},{"Id":101748071,"Name":"Linz","Placetype":"locality","Offset":-1},{"Id":85632785,"Name":"Austria","Placetype":"country","Offset":-1}]}

# Attribution: City of Linz <http://geo.data.linz.gv.at/katalog/geodata/3d_geo_daten_lod2/>
# Longitude: 14.327680734888245
# Latitude: 48.24422550840822
# Elevation: 257.95

# File produced by Open Asset Import Library (http://www.assimp.sf.net)
# (assimp v3.1.0)


# 16 vertex positions
v  3.516 17.222 -4.628
v  16.024 13.888 12.272
v  19.534 17.222 7.709
v  0.271 13.856 0.207
v  0 13.856 8.48435e-16
v  23.059 13.873 3.127
v  7.322 13.873 -8.994
v  7.013 13.873 -9.232
v  7.013 5.65297e-16 -9.232
v  0 0 0
v  3.516 2.83383e-16 -4.628
v  16.024 -7.51443e-16 12.272
v  0.271 -1.26751e-17 0.207
v  23.059 -1.91474e-16 3.127
v  19.534 -4.7204e-16 7.709
v  7.322 5.50724e-16 -8.994

# 0 UV coordinates

# 23 vertex normals
vn -0.305803 0.865355 0.397046
vn -0.305891 0.865299 0.3971
vn -0.304211 0.865355 0.398267
vn 0.305871 0.865291 -0.397133
vn 0.305864 0.865304 -0.397111
vn 0.305864 0.865304 -0.39711
vn -0.7963 9.11404e-05 -0.604902
vn -0.7963 0 -0.604902
vn -0.7963 3.70395e-17 -0.604902
vn 5.96894e-20 -1 -6.11816e-17
vn -0.607015 -4.86608e-17 0.794691
vn -0.608041 3.1805e-05 0.793906
vn -0.608024 0 0.793919
vn -9.68781e-20 -1 -6.1227e-17
vn 0.792608 4.54159e-05 0.609732
vn 0.792608 0 0.609732
vn 0.792608 0 0.609732
vn 2.41353e-19 -1 -6.10623e-17
vn 0.610206 0 -0.792243
vn 0.610205 5.53715e-08 -0.792244
vn 0.610206 -2.82e-06 -0.792243
vn 0.610205 0 -0.792244
vn 3.68787e-24 -1 -6.12323e-17

# Mesh 'defaultobject' with 28 faces
g defaultobject
usemtl DefaultMaterial
f  1//1 2//1 3//1
f  2//2 1//2 4//2
f  4//3 1//3 5//3
f  6//4 1//4 3//4
f  1//5 6//5 7//5
f  1//5 7//5 8//6
f  8//7 5//7 1//7
f  5//8 8//8 9//8
f  5//8 9//8 10//9
f  10//10 9//10 11//10
f  10//11 4//11 5//11
f  4//12 10//12 2//12
f  2//13 10//13 12//13
f  12//14 10//10 13//14
f  2//15 6//15 3//15
f  6//16 2//16 12//16
f  6//16 12//16 14//17
f  14//18 12//14 15//18
f  7//19 9//19 8//19
f  9//19 7//19 6//20
f  9//19 6//20 16//21
f  16//21 6//20 14//22
f  13//14 15//18 12//14
f  15//18 13//14 10//10
f  15//18 10//10 11//10
f  15//18 11//10 14//18
f  14//18 11//10 16//23
f  16//23 11//10 9//10

