# File produced by Open Asset Import Library (http://www.assimp.sf.net)
# (assimp v3.1.0)

mtllib _3316.obj.mtl

# 28 vertex positions
v  6.215 5.754 18.046
v  2.788 5.754 -0.96
v  0 5.754 3.52331e-16
v  2.883 5.754 -0.993
v  16.49 5.754 -5.785
v  9.092 5.754 17.046
v  22.761 5.754 12.436
v  8.998 5.754 17.079
v  9.121 5.754 17.131
v  10.95 5.754 22.444
v  24.59 5.754 17.749
v  2.85 5.754 -1.09
v  14.979 5.754 -10.174
v  1.339 5.754 -5.479
v  14.979 6.22978e-16 -10.174
v  1.339 3.35492e-16 -5.479
v  2.883 6.08037e-17 -0.993
v  0 0 0
v  2.788 5.8783e-17 -0.96
v  2.85 6.67433e-17 -1.09
v  6.215 -1.105e-15 18.046
v  9.092 -1.04377e-15 17.046
v  10.95 -1.3743e-15 22.444
v  9.121 -1.04897e-15 17.131
v  8.998 -1.04579e-15 17.079
v  24.59 -1.08681e-15 17.749
v  22.761 -7.61485e-16 12.436
v  16.49 3.54229e-16 -5.785

# 0 UV coordinates

# 30 vertex normals
vn 0 1 0
vn -0.325467 0 -0.945553
vn -0.328135 0 -0.944631
vn -0.325573 4.73983e-05 -0.945517
vn -0.325657 5.78944e-17 -0.945488
vn 0 -1 -6.12219e-17
vn -0.945535 0 0.325519
vn -0.946709 0.00293463 0.322076
vn -0.945561 0 0.325445
vn -9.56215e-22 -1 -6.12322e-17
vn -0.945498 -1.99389e-17 0.325627
vn -0.945498 0 0.325627
vn -0.946433 0 0.3229
vn -0.945541 -4.29386e-05 0.325502
vn -0.945555 0 0.325462
vn 4.5751e-19 1 6.10775e-17
vn 0.328218 -0 0.944602
vn 0.331253 -0.00164653 0.943541
vn 0.328317 0 0.944568
vn -1.35402e-19 1 6.08431e-17
vn 0.325467 -0 0.945553
vn 0.945541 0 -0.325503
vn 0.945566 0 -0.325429
vn 0.945535 0 -0.325519
vn 3.01264e-23 -1 -6.12324e-17
vn -1.21514e-21 -1 -6.12319e-17
vn -2.61248e-24 -1 -6.12323e-17
vn 0 -1 -6.12323e-17
vn 4.91123e-24 -1 -6.12323e-17
vn 0 -1 -6.11816e-17

# Mesh 'defaultobject' with 52 faces
g defaultobject
usemtl DefaultMaterial
f  1//1 2//1 3//1
f  2//1 1//1 4//1
f  4//1 1//1 5//1
f  5//1 1//1 6//1
f  5//1 6//1 7//1
f  6//1 1//1 8//1
f  7//1 6//1 9//1
f  7//1 9//1 10//1
f  7//1 10//1 11//1
f  12//1 13//1 14//1
f  13//1 12//1 5//1
f  5//1 12//1 4//1
f  15//2 14//2 13//2
f  14//2 15//2 16//2
f  17//3 2//3 4//3
f  2//4 17//4 3//4
f  3//5 17//5 18//5
f  18//6 17//6 19//6
f  16//7 12//7 14//7
f  12//8 16//8 4//8
f  4//9 16//9 17//9
f  17//6 16//10 20//10
f  18//11 1//11 3//11
f  1//11 18//11 21//12
f  22//13 9//13 6//13
f  9//14 22//14 10//14
f  10//15 22//15 23//15
f  23//16 22//16 24//16
f  21//17 8//17 1//17
f  8//18 21//18 6//18
f  6//19 21//19 22//19
f  22//16 21//20 25//20
f  23//21 11//21 10//21
f  11//21 23//21 26//21
f  26//22 7//22 11//22
f  7//22 26//22 27//22
f  7//23 27//23 5//23
f  5//23 27//23 28//23
f  5//24 28//24 13//24
f  13//24 28//24 15//24
f  18//6 25//25 21//25
f  25//25 18//6 19//6
f  25//25 19//6 22//26
f  24//27 26//27 23//27
f  26//27 24//27 22//26
f  26//27 22//26 19//6
f  26//27 19//6 17//6
f  26//27 17//6 20//10
f  26//27 20//10 16//10
f  26//27 16//10 27//28
f  27//28 16//10 15//29
f  27//28 15//29 28//30

