# {"id":"ID_22112","idOriginal":"ID_22112","origin":[14.357770908109492,48.25208869355767],"elevation":251.383,"wof":[{"Id":101748071,"Name":"Linz","Placetype":"locality","Offset":-1},{"Id":102049853,"Name":"Linz","Placetype":"county","Offset":-1},{"Id":85632785,"Name":"Austria","Placetype":"country","Offset":-1},{"Id":85681677,"Name":"Oberösterreich","Placetype":"region","Offset":-1},{"Id":85898441,"Name":"Posch","Placetype":"neighbourhood","Offset":-1}]}

# Attribution: City of Linz <http://geo.data.linz.gv.at/katalog/geodata/3d_geo_daten_lod2/>
# Longitude: 14.357770908109492
# Latitude: 48.25208869355767
# Elevation: 251.383

# File produced by Open Asset Import Library (http://www.assimp.sf.net)
# (assimp v3.1.0)


# 28 vertex positions
v  5.236 5.847 -5.953
v  9.097 6.112 -2.097
v  9.319 5.847 -2.348
v  14.447 5.04 0.814
v  13.667 8.572 6.096
v  16.629 5.041 2.741
v  11.347 5.041 -1.922
v  10.449 6.112 -0.904
v  2.956 8.572 -3.36
v  4.899 6.249 -5.571
v  0.354 5.462 -0.4
v  0 5.041 3.08672e-16
v  0.257 5.041 0.227
v  10.705 5.04 9.451
v  9.319 1.43774e-16 -2.348
v  5.236 3.64516e-16 -5.953
v  16.629 -1.67838e-16 2.741
v  11.347 1.17689e-16 -1.922
v  14.447 -4.98431e-17 0.814
v  10.449 5.5354e-17 -0.904
v  9.097 1.28404e-16 -2.097
v  4.899 3.41125e-16 -5.571
v  0 0 0
v  2.956 2.05741e-16 -3.36
v  0.354 2.44929e-17 -0.4
v  10.705 -5.78707e-16 9.451
v  0.257 -1.38997e-17 0.227
v  13.667 -3.73272e-16 6.096

# 0 UV coordinates

# 43 vertex normals
vn 0.410555 0.784364 -0.464992
vn 0.409812 0.785073 -0.46445
vn 0.410083 0.784989 -0.464354
vn 0.409925 0.785076 -0.464346
vn 0.409943 0.785064 -0.464351
vn 0.409973 0.784893 -0.464613
vn 0.409977 0.784984 -0.464456
vn 0.391147 0.784763 -0.480782
vn -0.409984 0.785015 0.464397
vn -0.409833 0.785381 0.463911
vn -0.409864 0.785294 0.464031
vn -0.409969 0.784988 0.464456
vn 0.661865 0 -0.749624
vn 0.661951 0 -0.749547
vn 0.661718 -0.000179787 -0.749753
vn 0.661814 0 -0.749668
vn 1.41322e-20 1 6.12347e-17
vn 0.66164 0 -0.749822
vn -0.751115 9.50593e-05 -0.660171
vn -0.750953 -0.00203107 -0.660352
vn -0.751025 0 -0.660274
vn -0.749974 0.00214945 -0.661464
vn -0.749893 0.0023397 -0.661555
vn -0.750946 4.04356e-17 -0.660363
vn 0 -1 -6.12496e-17
vn 0 -1 -6.12328e-17
vn -0.749924 0 -0.661524
vn -0.662007 -4.58935e-17 0.749497
vn -0.66183 -1.60547e-05 0.749654
vn -0.661835 0 0.74965
vn 0 1 6.15124e-17
vn 0.749649 -0 0.661836
vn 0.749649 -1.76065e-08 0.661836
vn 0.749649 8.45432e-08 0.661836
vn 0.749649 0 0.661836
vn 0.749053 -0 0.66251
vn -8.1268e-24 -1 -6.12323e-17
vn -1.62536e-23 -1 -6.12324e-17
vn 0 -1 -6.12323e-17
vn 3.00362e-25 -1 -6.12323e-17
vn 9.66885e-25 -1 -6.12323e-17
vn 1.45029e-23 -1 -6.12324e-17
vn 0 -1 -6.12323e-17

# Mesh 'defaultobject' with 52 faces
g defaultobject
usemtl DefaultMaterial
f  1//1 2//1 3//1
f  4//2 5//2 6//2
f  5//3 4//3 7//3
f  5//4 7//4 8//4
f  5//5 8//5 9//5
f  9//6 8//6 2//6
f  9//7 2//7 1//7
f  9//8 1//8 10//8
f  11//9 5//9 9//9
f  5//10 11//10 12//10
f  5//11 12//11 13//11
f  5//12 13//12 14//12
f  15//13 1//13 3//13
f  1//13 15//13 16//13
f  17//14 4//14 6//14
f  4//15 17//15 7//15
f  7//16 17//16 18//16
f  18//17 17//17 19//17
f  20//18 2//18 8//18
f  2//18 20//18 21//18
f  10//19 11//19 9//19
f  11//20 10//20 1//20
f  11//21 1//21 16//21
f  11//22 16//22 12//22
f  12//23 16//23 22//23
f  12//24 22//24 23//24
f  23//25 22//25 24//25
f  23//25 24//25 25//26
f  7//27 20//27 8//27
f  20//27 7//27 18//27
f  23//28 13//28 12//28
f  13//29 23//29 14//29
f  14//30 23//30 26//30
f  26//31 23//31 27//31
f  26//32 5//32 14//32
f  5//32 26//32 6//33
f  6//33 26//32 28//34
f  6//33 28//34 17//35
f  21//36 3//36 2//36
f  3//36 21//36 15//36
f  28//37 19//37 17//37
f  19//37 28//37 26//38
f  19//37 26//38 27//39
f  19//37 27//39 20//40
f  20//40 27//39 21//41
f  23//25 25//26 27//39
f  21//41 16//42 15//42
f  16//42 21//41 27//39
f  16//42 27//39 25//26
f  16//42 25//26 24//25
f  16//42 24//25 22//25
f  18//43 19//37 20//40

