# {"id":"ID_13387","idOriginal":"ID_13387","origin":[14.282019900103295,48.27973393972939],"elevation":264.702}
# Longitude: 14.282019900103295
# Latitude: 48.27973393972939
# Elevation: 264.702

# File produced by Open Asset Import Library (http://www.assimp.sf.net)
# (assimp v3.1.0)

mtllib ID_13387.obj.mtl

# 18 vertex positions
v  3.74 15.913 -4.009
v  15.533 13.301 -0.505
v  7.481 13.301 -8.019
v  17.339 15.913 8.68
v  21.08 13.301 4.671
v  0 13.301 8.14451e-16
v  8.144 13.301 7.6
v  9.24 13.301 8.623
v  13.598 13.301 12.69
v  0 0 0
v  8.144 -4.65366e-16 7.6
v  13.598 -7.77038e-16 12.69
v  9.24 -5.28006e-16 8.623
v  21.08 -2.86016e-16 4.671
v  17.339 -5.31497e-16 8.68
v  7.481 4.91022e-16 -8.019
v  15.533 3.09223e-17 -0.505
v  3.74 2.4548e-16 -4.009

# 0 UV coordinates

# 28 vertex normals
vn 0.293375 0.902827 -0.314381
vn 0.293384 0.902808 -0.314424
vn 0.293396 0.902804 -0.314426
vn -0.29342 0.902783 0.314463
vn -0.293388 0.90282 0.314389
vn -0.293387 0.902843 0.314323
vn -0.293382 0.902826 0.314374
vn -0.682267 -4.47671e-17 0.731103
vn -0.682342 8.60825e-05 0.731033
vn -0.682276 5.29242e-07 0.731094
vn -0.682267 -1.73016e-05 0.731103
vn -0.68229 0 0.731082
vn 1.31855e-19 1 6.11809e-17
vn 0.731164 0.000130233 0.682201
vn 0.731164 0 0.682201
vn -1.13636e-19 -1 -6.13066e-17
vn 0.682234 0 -0.731134
vn 0.68226 2.04941e-05 -0.73111
vn 0.682249 0 -0.73112
vn 0 -1 -6.13024e-17
vn -0.73121 -9.32195e-06 -0.682153
vn -0.73121 4.17698e-17 -0.682153
vn -0.731213 3.66169e-06 -0.682149
vn -0.731207 0 -0.682156
vn 1.51822e-25 -1 -6.12323e-17
vn 3.21944e-24 -1 -6.12323e-17
vn -4.33336e-25 -1 -6.12323e-17
vn -7.93016e-19 -1 -6.18553e-17

# Mesh 'defaultobject' with 32 faces
g defaultobject
usemtl DefaultMaterial
f  1//1 2//1 3//1
f  2//2 1//2 4//2
f  2//3 4//3 5//3
f  6//4 4//4 1//4
f  4//5 6//5 7//5
f  4//6 7//6 8//6
f  4//7 8//7 9//7
f  10//8 7//8 6//8
f  7//9 10//9 8//9
f  8//10 10//10 9//10
f  9//11 10//11 11//11
f  9//12 11//12 12//12
f  12//13 11//13 13//13
f  9//14 5//14 4//14
f  5//15 9//15 12//15
f  5//15 12//15 14//15
f  14//16 12//16 15//16
f  14//17 2//17 5//17
f  2//18 14//18 3//18
f  3//19 14//19 16//19
f  16//20 14//16 17//20
f  3//21 6//21 1//21
f  6//21 3//21 10//22
f  10//22 3//23 18//23
f  18//23 3//23 16//24
f  13//25 15//16 12//16
f  15//16 13//25 14//16
f  14//16 13//25 11//26
f  14//16 11//26 10//27
f  14//16 10//27 17//20
f  17//20 10//27 16//20
f  16//20 10//27 18//28

