# {"id":"ID_40285","idOriginal":"ID_40285","origin":[14.299245988201173,48.2440023259721],"elevation":260.15,"wof":[{"Id":101748071,"Name":"Linz","Placetype":"locality","Offset":-1},{"Id":102049853,"Name":"Linz","Placetype":"county","Offset":-1},{"Id":85632785,"Name":"Austria","Placetype":"country","Offset":-1},{"Id":85681677,"Name":"Oberösterreich","Placetype":"region","Offset":-1},{"Id":85898447,"Name":"Scharlinz","Placetype":"neighbourhood","Offset":-1}]}

# Attribution: City of Linz <http://geo.data.linz.gv.at/katalog/geodata/3d_geo_daten_lod2/>
# Longitude: 14.299245988201173
# Latitude: 48.2440023259721
# Elevation: 260.15

# File produced by Open Asset Import Library (http://www.assimp.sf.net)
# (assimp v3.1.0)


# 18 vertex positions
v  3.656 3.32 -3.099
v  3.082 2.7 1.696
v  5.241 2.7 -2.227
v  1.497 3.32 0.824
v  0 2.734 1.67409e-16
v  2.159 2.734 -3.923
v  0 0 0
v  3.082 -1.0385e-16 1.696
v  1.497 -5.04554e-17 0.824
v  5.241 1.36364e-16 -2.227
v  2.159 2.40214e-16 -3.923
v  3.656 1.89759e-16 -3.099
v  5.241 2.73 -2.227
v  5.728 2.488 3.152
v  7.887 2.488 -0.771
v  3.082 2.73 1.696
v  5.728 -1.93004e-16 3.152
v  7.887 4.72101e-17 -0.771

# 0 UV coordinates

# 25 vertex normals
vn 0.284038 0.945985 0.156319
vn -0.284192 0.945924 -0.156403
vn -0.284192 0.945924 -0.156403
vn -0.482211 -5.36429e-17 0.876055
vn -0.482053 -9.28643e-05 0.876142
vn -0.482115 0 0.876108
vn 0 1 6.12419e-17
vn 0.876089 -0 0.48215
vn 0.482025 0 -0.876158
vn 0.482181 9.73744e-05 -0.876071
vn 0.482115 0 -0.876108
vn 3.02678e-20 -1 -6.1262e-17
vn -0.876089 0 -0.48215
vn -0.876089 2.95232e-17 -0.48215
vn -1.38372e-23 -1 -6.12323e-17
vn 0 -1 -6.12323e-17
vn 0.0699756 0.996805 0.0385107
vn -0.482097 0 0.876118
vn -0.482097 0 0.876118
vn 0.876089 -0 0.48215
vn 0.482097 0 -0.876118
vn 0.482097 0 -0.876118
vn -0.876089 0 -0.48215
vn -7.82912e-24 -1 -6.12323e-17
vn -7.82912e-24 -1 -6.12323e-17

# Mesh 'defaultobject' with 32 faces
g defaultobject
usemtl DefaultMaterial
f  1//1 2//1 3//1
f  2//1 1//1 4//1
f  5//2 1//2 6//2
f  1//2 5//2 4//3
f  7//4 4//4 5//4
f  4//5 7//5 2//5
f  2//6 7//6 8//6
f  8//7 7//7 9//7
f  8//8 3//8 2//8
f  3//8 8//8 10//8
f  10//9 1//9 3//9
f  1//10 10//10 6//10
f  6//11 10//11 11//11
f  11//12 10//12 12//12
f  11//13 5//13 6//13
f  5//13 11//13 7//14
f  11//12 9//15 7//15
f  9//15 11//12 8//16
f  8//16 11//12 12//12
f  8//16 12//12 10//12
f  13//17 14//17 15//17
f  14//17 13//17 16//17
f  8//18 14//18 16//18
f  14//18 8//18 17//19
f  17//20 15//20 14//20
f  15//20 17//20 18//20
f  15//21 10//21 13//21
f  10//21 15//21 18//22
f  10//23 16//23 13//23
f  16//23 10//23 8//23
f  10//12 17//24 8//16
f  17//24 10//12 18//25

