# {"id":"ID_31244","idOriginal":"ID_31244","origin":[14.303611599804622,48.331431986184825],"elevation":260.457,"wof":[{"Id":101748071,"Name":"Linz","Placetype":"locality","Offset":-1},{"Id":102049853,"Name":"Linz","Placetype":"county","Offset":-1},{"Id":85898425,"Name":"Harbach","Placetype":"neighbourhood","Offset":-1},{"Id":85681677,"Name":"Oberösterreich","Placetype":"region","Offset":-1},{"Id":85632785,"Name":"Austria","Placetype":"country","Offset":-1}]}

# Attribution: City of Linz <http://geo.data.linz.gv.at/katalog/geodata/3d_geo_daten_lod2/>
# Longitude: 14.303611599804622
# Latitude: 48.331431986184825
# Elevation: 260.457

# File produced by Open Asset Import Library (http://www.assimp.sf.net)
# (assimp v3.1.0)


# 16 vertex positions
v  4.457 9.51 -1.59
v  2.172 6.737 6.117
v  6.627 9.51 4.53
v  1.244 6.735 3.511
v  0 6.736 4.12461e-16
v  11.084 6.736 2.943
v  9.271 6.735 -2.175
v  8.913 6.736 -3.179
v  0 0 0
v  2.172 -3.74558e-16 6.117
v  1.244 -2.14987e-16 3.511
v  11.084 -1.80207e-16 2.943
v  6.627 -2.77382e-16 4.53
v  8.913 1.94658e-16 -3.179
v  9.271 1.3318e-16 -2.175
v  4.457 9.73594e-17 -1.59

# 0 UV coordinates

# 27 vertex normals
vn -0.476733 0.862642 0.169038
vn -0.476653 0.862679 0.169075
vn -0.476606 0.862698 0.169114
vn 0.476719 0.862651 -0.169033
vn 0.476725 0.862646 -0.169043
vn 0.47671 0.862638 -0.169123
vn -0.942583 -2.04499e-17 0.333971
vn -0.942052 -0.000877575 0.335467
vn -0.942357 0 0.334608
vn -1.29563e-20 1 6.12346e-17
vn 0.335573 -0 0.942014
vn 0.335469 5.46734e-05 0.942051
vn 0.335506 0 0.942038
vn 8.33e-21 -1 -6.11756e-17
vn 0.942606 0 -0.333908
vn 0.94191 -0.00167161 -0.335862
vn 0.942492 0 -0.334229
vn 6.62227e-21 1 6.12295e-17
vn -0.335941 -0.000109245 -0.941883
vn -0.335941 5.76737e-17 -0.941883
vn -0.336002 8.99355e-05 -0.941861
vn -0.335881 0 -0.941904
vn 4.12171e-24 -1 -6.12323e-17
vn -1.5731e-23 -1 -6.12323e-17
vn 0 -1 -6.12323e-17
vn 1.61564e-23 -1 -6.12323e-17
vn -3.00341e-24 -1 -6.12323e-17

# Mesh 'defaultobject' with 28 faces
g defaultobject
usemtl DefaultMaterial
f  1//1 2//1 3//1
f  2//2 1//2 4//2
f  4//3 1//3 5//3
f  6//4 1//4 3//4
f  1//5 6//5 7//5
f  1//6 7//6 8//6
f  9//7 4//7 5//7
f  4//8 9//8 2//8
f  2//9 9//9 10//9
f  10//10 9//10 11//10
f  10//11 3//11 2//11
f  3//12 10//12 6//12
f  6//13 10//13 12//13
f  12//14 10//14 13//14
f  12//15 7//15 6//15
f  7//16 12//16 8//16
f  8//17 12//17 14//17
f  14//18 12//18 15//18
f  8//19 5//19 1//19
f  5//20 8//20 9//20
f  9//21 8//21 16//21
f  16//22 8//22 14//22
f  13//14 15//23 12//14
f  15//23 13//14 10//14
f  15//23 10//14 14//24
f  14//24 10//14 16//25
f  16//25 10//14 11//26
f  16//25 11//26 9//27

