# {"id":"ID_31267","idOriginal":"ID_31267","origin":[14.30386630374414,48.33091819511145],"elevation":260.247,"wof":[{"Id":102049853,"Name":"Linz","Placetype":"county","Offset":-1},{"Id":85632785,"Name":"Austria","Placetype":"country","Offset":-1},{"Id":101748071,"Name":"Linz","Placetype":"locality","Offset":-1},{"Id":85681677,"Name":"Oberösterreich","Placetype":"region","Offset":-1},{"Id":85898425,"Name":"Harbach","Placetype":"neighbourhood","Offset":-1}]}

# Attribution: City of Linz <http://geo.data.linz.gv.at/katalog/geodata/3d_geo_daten_lod2/>
# Longitude: 14.30386630374414
# Latitude: 48.33091819511145
# Elevation: 260.247

# File produced by Open Asset Import Library (http://www.assimp.sf.net)
# (assimp v3.1.0)


# 16 vertex positions
v  4.462 9.516 -1.575
v  2.165 7.718 6.102
v  6.63 9.516 4.529
v  1.236 7.715 3.506
v  0 7.718 4.72591e-16
v  9.268 7.718 -2.185
v  11.094 7.718 2.957
v  8.925 7.718 -3.151
v  0 0 0
v  2.165 -3.7364e-16 6.102
v  1.236 -2.14681e-16 3.506
v  11.094 -1.81064e-16 2.957
v  6.63 -2.77321e-16 4.529
v  8.925 1.92943e-16 -3.151
v  9.268 1.33793e-16 -2.185
v  4.462 9.64409e-17 -1.575

# 0 UV coordinates

# 25 vertex normals
vn -0.334584 0.934843 0.118837
vn -0.334835 0.934765 0.118743
vn -0.334744 0.934789 0.11881
vn 0.334669 0.934811 -0.118846
vn 0.334644 0.934819 -0.118858
vn 0.334649 0.934821 -0.118825
vn -0.943109 -2.03587e-17 0.332482
vn -0.941525 -0.0022773 0.336935
vn -0.942439 0 0.334379
vn 0 1 6.12329e-17
vn 0.332279 -0 0.943181
vn 0.332176 5.40524e-05 0.943217
vn 0.332218 0 0.943203
vn 1.82903e-20 -1 -6.11994e-17
vn 0.942346 0 -0.334641
vn 0.942358 2.69409e-05 -0.334605
vn 0.942348 0 -0.334635
vn -4.96189e-19 -1 -6.10313e-17
vn -0.332853 0 -0.942979
vn -0.332955 5.38923e-05 -0.942943
vn -0.332853 -7.90199e-05 -0.942979
vn -0.332975 0 -0.942936
vn 0 -1 -6.12323e-17
vn -1.6171e-23 -1 -6.12323e-17
vn 0 -1 -6.12323e-17

# Mesh 'defaultobject' with 28 faces
g defaultobject
usemtl DefaultMaterial
f  1//1 2//1 3//1
f  2//2 1//2 4//2
f  4//3 1//3 5//3
f  6//4 3//4 7//4
f  3//5 6//5 1//5
f  1//6 6//6 8//6
f  9//7 4//7 5//7
f  4//8 9//8 2//8
f  2//9 9//9 10//9
f  10//10 9//10 11//10
f  10//11 3//11 2//11
f  3//12 10//12 7//12
f  7//13 10//13 12//13
f  12//14 10//14 13//14
f  12//15 6//15 7//15
f  6//16 12//16 8//16
f  8//17 12//15 14//17
f  14//18 12//14 15//18
f  1//19 9//19 5//19
f  9//20 1//20 8//20
f  9//21 8//21 16//21
f  16//22 8//22 14//22
f  13//14 15//18 12//14
f  15//18 13//14 10//14
f  15//18 10//14 14//18
f  14//18 10//14 16//23
f  16//23 10//14 11//24
f  16//23 11//24 9//25

