# {"id":"ID_6003","idOriginal":"ID_6003","origin":[14.303207265303294,48.24835715642997],"elevation":259.71,"wof":[{"Id":85898447,"Name":"Scharlinz","Placetype":"neighbourhood","Offset":-1},{"Id":85681677,"Name":"Oberösterreich","Placetype":"region","Offset":-1},{"Id":102049853,"Name":"Linz","Placetype":"county","Offset":-1},{"Id":101748071,"Name":"Linz","Placetype":"locality","Offset":-1},{"Id":85632785,"Name":"Austria","Placetype":"country","Offset":-1}]}

# Attribution: City of Linz <http://geo.data.linz.gv.at/katalog/geodata/3d_geo_daten_lod2/>
# Longitude: 14.303207265303294
# Latitude: 48.24835715642997
# Elevation: 259.71

# File produced by Open Asset Import Library (http://www.assimp.sf.net)
# (assimp v3.1.0)


# 20 vertex positions
v  0.557 15.358 -16.373
v  19.609 15.16 -7.529
v  19.879 15.358 -15.716
v  0.278 15.16 -8.187
v  19.345 15.353 0.463
v  11.37 15.358 0.387
v  19.338 15.358 0.658
v  7.755 15.358 0.264
v  0 15.358 9.40406e-16
v  0.03 15.336 -0.894
v  0.557 1.00256e-15 -16.373
v  0.278 5.01309e-16 -8.187
v  0 0 0
v  0.03 5.47417e-17 -0.894
v  11.37 -2.36969e-17 0.387
v  19.338 -4.02909e-17 0.658
v  7.755 -1.61653e-17 0.264
v  19.345 -2.83506e-17 0.463
v  19.879 9.62327e-16 -15.716
v  19.609 4.61018e-16 -7.529

# 0 UV coordinates

# 35 vertex normals
vn -0.000821182 0.999708 0.0241505
vn -0.000822119 0.999708 0.0241525
vn 0.000870749 0.999672 -0.0256019
vn 0.00085659 0.999709 -0.0241138
vn 0.000822024 0.999708 -0.0241498
vn 0.000821678 0.999708 -0.0241493
vn 0.000822117 0.999708 -0.0241497
vn -0.726717 0.685696 -0.0412598
vn -0.99942 0 -0.0340628
vn -0.999422 -4.23058e-05 -0.0339845
vn -0.99942 3.67763e-05 -0.0340628
vn -0.999438 -0.000215525 -0.0335329
vn -0.999424 2.07802e-18 -0.0339367
vn 1.81176e-20 1 6.12329e-17
vn -0.0340228 -6.11969e-17 0.999421
vn -0.0340052 -8.90991e-06 0.999422
vn -0.0339914 -1.91583e-05 0.999422
vn -0.0340172 1.34273e-05 0.999421
vn -0.0339914 0 0.999422
vn 8.35609e-22 1 6.12067e-17
vn 0.999356 -0 0.0358742
vn 0.999455 -3.63482e-05 0.0330159
vn 0.999457 -6.67632e-05 0.0329596
vn 0.999352 0.00304391 0.0358739
vn 0.999456 0 0.0329878
vn -2.40341e-19 1 6.12268e-17
vn 0.033983 0 -0.999422
vn 1.99397e-25 -1 -6.12323e-17
vn 1.55689e-25 -1 -6.12323e-17
vn -6.48418e-24 -1 -6.12323e-17
vn -5.01428e-24 -1 -6.12323e-17
vn -2.85883e-23 -1 -6.12323e-17
vn 0 -1 -6.12323e-17
vn 0 -1 -6.12367e-17
vn 3.66751e-19 -1 -6.12187e-17

# Mesh 'defaultobject' with 36 faces
g defaultobject
usemtl DefaultMaterial
f  1//1 2//1 3//1
f  2//1 1//1 4//2
f  5//3 6//3 7//3
f  6//4 5//4 2//4
f  6//5 2//5 4//5
f  6//5 4//5 8//6
f  8//6 4//5 9//7
f  9//8 4//8 10//8
f  11//9 4//9 1//9
f  4//10 11//10 10//10
f  10//11 11//11 12//11
f  10//12 12//12 9//12
f  9//13 12//13 13//13
f  13//14 12//14 14//14
f  13//15 8//15 9//15
f  8//16 13//16 6//16
f  6//17 13//17 7//17
f  7//18 13//18 15//18
f  7//19 15//19 16//19
f  15//20 13//14 17//20
f  16//21 5//21 7//21
f  5//22 16//22 2//22
f  2//23 16//23 3//23
f  3//24 16//24 18//24
f  3//25 18//25 19//25
f  19//26 18//26 20//26
f  19//27 1//27 3//27
f  1//27 19//27 11//27
f  15//28 18//28 16//28
f  18//28 15//28 20//29
f  20//29 15//28 19//30
f  19//30 15//28 11//31
f  11//31 15//28 17//32
f  11//31 17//32 13//33
f  11//31 13//33 14//34
f  11//31 14//34 12//35

