# {"id":"ID_50068","idOriginal":"ID_50068","origin":[14.276275546826309,48.31586813905817],"elevation":275.025}
# Longitude: 14.276275546826309
# Latitude: 48.31586813905817
# Elevation: 275.025

# File produced by Open Asset Import Library (http://www.assimp.sf.net)
# (assimp v3.1.0)

mtllib ID_50068.obj.mtl

# 16 vertex positions
v  0.162 3.231 -0.783
v  4.23 3.231 -2.565
v  0.681 3.231 -3.298
v  0 3.231 1.97842e-16
v  3.926 3.231 0.81
v  4.23 3.231 -0.662
v  4.607 3.231 -2.487
v  4.255 3.231 -0.783
v  4.607 1.52285e-16 -2.487
v  4.23 4.05358e-17 -0.662
v  3.926 -4.95982e-17 0.81
v  4.255 4.79449e-17 -0.783
v  0.681 2.01944e-16 -3.298
v  4.23 1.57061e-16 -2.565
v  0 0 0
v  0.162 4.79449e-17 -0.783

# 0 UV coordinates

# 22 vertex normals
vn 0 1 0
vn 0.979323 0 0.202301
vn 0.979316 -2.06044e-05 0.202339
vn 0.979333 2.96281e-05 0.202254
vn 0.979323 -2.3897e-05 0.202304
vn 0.979333 0 0.202254
vn 0 1 6.11427e-17
vn 0.202606 0 -0.97926
vn 0.202268 -4.11089e-05 -0.97933
vn 0.2023 0 -0.979323
vn 2.06208e-20 1 6.11475e-17
vn -0.979364 0 -0.202103
vn -0.97926 0.000407608 -0.202606
vn -0.97934 1.23826e-17 -0.202223
vn 1.25683e-20 -1 -6.12297e-17
vn -0.202061 -5.99693e-17 0.979373
vn -0.202061 0 0.979373
vn -7.11082e-25 -1 -6.12323e-17
vn 2.6761e-23 -1 -6.12323e-17
vn 0 -1 -6.12323e-17
vn 0 -1 -6.12324e-17
vn -5.49137e-25 -1 -6.12323e-17

# Mesh 'defaultobject' with 28 faces
g defaultobject
usemtl DefaultMaterial
f  1//1 2//1 3//1
f  2//1 1//1 4//1
f  2//1 4//1 5//1
f  2//1 5//1 6//1
f  2//1 6//1 7//1
f  7//1 6//1 8//1
f  8//2 9//2 7//2
f  9//3 8//3 6//3
f  9//4 6//4 5//4
f  9//5 5//5 10//5
f  10//6 5//6 11//6
f  9//7 10//7 12//7
f  9//8 2//8 7//8
f  2//9 9//9 3//9
f  3//10 9//10 13//10
f  13//11 9//7 14//11
f  13//12 1//12 3//12
f  1//13 13//13 4//13
f  4//14 13//14 15//14
f  15//15 13//15 16//15
f  15//16 5//16 4//16
f  5//16 15//16 11//17
f  14//18 16//15 13//15
f  16//15 14//18 9//19
f  16//15 9//19 12//20
f  16//15 12//20 10//21
f  16//15 10//21 15//15
f  15//15 10//21 11//22

