# {"id":"ID_7722","idOriginal":"ID_7722","origin":[14.309133592227193,48.252294611805276],"elevation":258.78}
# Longitude: 14.309133592227193
# Latitude: 48.252294611805276
# Elevation: 258.78

# File produced by Open Asset Import Library (http://www.assimp.sf.net)
# (assimp v3.1.0)

mtllib ID_7722.obj.mtl

# 38 vertex positions
v  6.113 28.35 -12.499
v  9.612 28.35 -7.817
v  9.836 28.35 -12.321
v  5.889 28.35 -7.995
v  5.889 4.89553e-16 -7.995
v  9.612 4.78653e-16 -7.817
v  9.836 7.54444e-16 -12.321
v  6.113 7.65343e-16 -12.499
v  10.239 26.067 -20.443
v  14.074 26.067 -19.936
v  14.09 26.067 -20.259
v  13.687 26.067 -12.138
v  6.517 26.067 -20.62
v  13.463 26.067 -7.633
v  0.963 26.067 -20.885
v  13.051 26.067 0.659
v  9.201 26.067 0.465
v  0.589 26.067 -12.762
v  5.479 26.067 0.277
v  0.381 26.067 -8.257
v  0 26.067 1.59614e-15
v  0.963 1.27884e-15 -20.885
v  0 0 0
v  0.589 7.81447e-16 -12.762
v  0.381 5.05595e-16 -8.257
v  13.051 -4.03521e-17 0.659
v  5.479 -1.69614e-17 0.277
v  9.201 -2.8473e-17 0.465
v  14.09 1.24051e-15 -20.259
v  13.463 4.67386e-16 -7.633
v  13.687 7.43238e-16 -12.138
v  14.074 1.22073e-15 -19.936
v  6.517 1.26261e-15 -20.62
v  10.239 1.25177e-15 -20.443
v  9.836 26.067 -12.321
v  6.113 26.067 -12.499
v  5.889 26.067 -7.995
v  9.612 26.067 -7.817

# 0 UV coordinates

# 44 vertex normals
vn 0 1 0
vn -0.0477564 0 0.998859
vn 0.998766 -0 0.0496724
vn 0.0477562 0 -0.998859
vn -0.998766 0 -0.0496722
vn 0 -1 -6.12323e-17
vn 6.29923e-24 -1 -6.12323e-17
vn -0.998942 0 -0.0459934
vn -0.998936 4.00968e-05 -0.0461218
vn -0.998937 2.64285e-05 -0.0460936
vn -0.998939 2.82041e-18 -0.0460607
vn 0 -1 -6.12309e-17
vn 0 1 6.12563e-17
vn -0.0504922 -6.11542e-17 0.998724
vn -0.0504462 -9.69798e-06 0.998727
vn -0.0503258 -5.23056e-05 0.998733
vn -0.05043 0 0.998728
vn 3.7043e-22 1 6.12365e-17
vn -2.38795e-22 1 6.12346e-17
vn 0.998768 -0 0.0496253
vn 0.998766 1.14396e-05 0.0496612
vn 0.998771 -3.48536e-05 0.0495671
vn 0.998775 -0.000108353 0.0494743
vn 0.998769 0 0.049609
vn -5.96894e-19 1 6.12189e-17
vn -3.5395e-19 1 6.12112e-17
vn -1.01545e-18 1 6.11807e-17
vn 0.0477254 0 -0.998861
vn 0.0475014 -3.31605e-05 -0.998871
vn 0.047659 1.27368e-05 -0.998864
vn 0.0476338 0 -0.998865
vn -2.55436e-20 -1 -6.06952e-17
vn 1.54089e-21 1 6.12001e-17
vn -0.0477562 0 0.998859
vn 0.998766 -0 0.0496722
vn 0.0477564 0 -0.998859
vn -0.998766 0 -0.0496724
vn -2.05665e-23 -1 -6.12322e-17
vn -7.91415e-24 -1 -6.12323e-17
vn 4.25154e-24 -1 -6.12324e-17
vn -1.79261e-24 -1 -6.12323e-17
vn -2.92126e-24 -1 -6.12323e-17
vn 0 -1 -6.1232e-17
vn -8.77897e-22 -1 -6.1214e-17

# Mesh 'defaultobject' with 68 faces
g defaultobject
usemtl DefaultMaterial
f  1//1 2//1 3//1
f  2//1 1//1 4//1
f  5//2 2//2 4//2
f  2//2 5//2 6//2
f  6//3 3//3 2//3
f  3//3 6//3 7//3
f  7//4 1//4 3//4
f  1//4 7//4 8//4
f  8//5 4//5 1//5
f  4//5 8//5 5//5
f  8//6 6//6 5//6
f  6//6 8//6 7//7
f  9//1 10//1 11//1
f  10//1 9//1 12//1
f  12//1 9//1 13//1
f  12//1 13//1 14//1
f  14//1 13//1 15//1
f  14//1 15//1 16//1
f  16//1 15//1 17//1
f  17//1 15//1 18//1
f  17//1 18//1 19//1
f  19//1 18//1 20//1
f  19//1 20//1 21//1
f  22//8 18//8 15//8
f  18//9 22//9 20//9
f  20//10 22//10 21//10
f  21//11 22//11 23//11
f  23//12 22//12 24//12
f  23//13 24//13 25//13
f  23//14 19//14 21//14
f  19//15 23//15 17//15
f  17//16 23//16 16//16
f  16//17 23//17 26//17
f  26//18 23//13 27//18
f  26//18 27//18 28//19
f  26//20 14//20 16//20
f  14//21 26//21 12//21
f  12//22 26//22 10//22
f  10//23 26//23 11//23
f  11//24 26//24 29//24
f  29//25 26//18 30//25
f  29//25 30//25 31//26
f  29//25 31//26 32//27
f  29//28 9//28 11//28
f  9//29 29//29 13//29
f  13//30 29//30 15//30
f  15//31 29//31 22//31
f  22//12 29//32 33//32
f  33//33 29//25 34//33
f  8//34 35//34 36//34
f  35//34 8//34 7//34
f  5//35 36//35 37//35
f  36//35 5//35 8//35
f  6//36 37//36 38//36
f  37//36 6//36 5//36
f  7//37 38//37 35//37
f  38//37 7//37 6//37
f  32//38 34//38 29//32
f  34//38 32//38 31//39
f  34//38 31//39 33//32
f  33//32 31//39 22//12
f  22//12 31//39 24//12
f  24//12 31//39 30//40
f  24//12 30//40 25//41
f  25//41 30//40 26//42
f  25//41 26//42 23//12
f  23//12 26//42 28//43
f  23//12 28//43 27//44

