# {"id":"ID_20567","idOriginal":"ID_20567","origin":[14.274324471620979,48.31167722141496],"elevation":280.73,"wof":[{"Id":102049853,"Name":"Linz","Placetype":"county","Offset":-1},{"Id":85681677,"Name":"Oberösterreich","Placetype":"region","Offset":-1},{"Id":101748071,"Name":"Linz","Placetype":"locality","Offset":-1},{"Id":85632785,"Name":"Austria","Placetype":"country","Offset":-1},{"Id":85898453,"Name":"Urfahr","Placetype":"neighbourhood","Offset":-1}]}

# Attribution: City of Linz <http://geo.data.linz.gv.at/katalog/geodata/3d_geo_daten_lod2/>
# Longitude: 14.274324471620979
# Latitude: 48.31167722141496
# Elevation: 280.73

# File produced by Open Asset Import Library (http://www.assimp.sf.net)
# (assimp v3.1.0)


# 16 vertex positions
v  0 7.913 4.84531e-16
v  13.017 10.769 -2.386
v  9.804 7.913 -6.931
v  3.214 10.769 4.546
v  6.427 7.913 9.091
v  14.357 7.913 3.484
v  16.231 7.913 2.159
v  15.275 7.913 2.835
v  0 0 0
v  6.427 -5.56663e-16 9.091
v  3.214 -2.78362e-16 4.546
v  14.357 -2.13333e-16 3.484
v  16.231 -1.32201e-16 2.159
v  15.275 -1.73594e-16 2.835
v  9.804 4.24401e-16 -6.931
v  13.017 1.461e-16 -2.386

# 0 UV coordinates

# 23 vertex normals
vn -0.263537 0.889711 -0.372777
vn -0.263528 0.889757 -0.372672
vn 0.26358 0.889711 0.372746
vn 0.263542 0.889729 0.372729
vn 0.263537 0.88973 0.372731
vn 0 1 0
vn -0.81654 -3.53488e-17 0.577289
vn -0.816559 1.75417e-05 0.577262
vn -0.816552 0 0.577272
vn 1.59286e-19 -1 -6.13251e-17
vn 0.577326 -0 0.816514
vn 0.577277 0 0.816548
vn 0.577353 -1.3259e-05 0.816495
vn 0.577316 0 0.816521
vn -5.3842e-20 1 6.11646e-17
vn 0.81648 0 -0.577374
vn 0.816547 5.9958e-05 -0.57728
vn 0.816522 0 -0.577314
vn -4.65698e-20 -1 -6.11927e-17
vn -0.577268 0 -0.816554
vn -0.577268 4.99995e-17 -0.816554
vn -1.21837e-23 -1 -6.12323e-17
vn -3.38363e-23 -1 -6.12323e-17

# Mesh 'defaultobject' with 28 faces
g defaultobject
usemtl DefaultMaterial
f  1//1 2//1 3//1
f  2//2 1//2 4//2
f  5//3 2//3 4//3
f  2//4 5//4 6//4
f  2//4 6//4 7//5
f  7//6 6//6 8//6
f  9//7 4//7 1//7
f  4//8 9//8 5//8
f  5//9 9//9 10//9
f  10//10 9//10 11//10
f  10//11 6//11 5//11
f  6//11 10//11 12//11
f  6//12 12//12 8//12
f  8//13 12//13 7//13
f  7//14 12//14 13//14
f  13//15 12//15 14//15
f  13//16 2//16 7//16
f  2//17 13//17 3//17
f  3//18 13//18 15//18
f  15//19 13//19 16//19
f  15//20 1//20 3//20
f  1//20 15//20 9//21
f  14//22 16//19 13//19
f  16//19 14//22 12//23
f  16//19 12//23 10//10
f  16//19 10//10 15//19
f  15//19 10//10 11//10
f  15//19 11//10 9//10

