# File produced by Open Asset Import Library (http://www.assimp.sf.net)
# (assimp v3.1.0)

mtllib ID_3346.obj.mtl

# 54 vertex positions
v  16.196 27.052 7.462
v  16.082 27.052 15.5
v  19.951 27.052 12.753
v  12.326 27.052 10.208
v  12.326 -6.2506e-16 10.208
v  16.082 -9.49101e-16 15.5
v  19.951 -7.80896e-16 12.753
v  16.196 -4.56916e-16 7.462
v  7.249 25.264 -5.145
v  15.599 25.264 1.479
v  9.676 25.264 -6.867
v  3.379 25.264 -2.398
v  0 25.264 1.54697e-15
v  4.213 25.264 5.935
v  17.045 25.264 25.373
v  17.663 25.264 24.935
v  12.062 25.264 18.352
v  19.305 25.264 5.256
v  16.281 25.264 0.995
v  3.572 25.264 6.39
v  8.307 25.264 13.061
v  20.313 25.264 6.677
v  23.06 25.262 10.547
v  26.283 25.263 15.088
v  25.553 25.263 15.606
v  31.51 25.264 24
v  29.131 25.264 25.688
v  21.86 25.264 30.849
v  25.261 25.264 28.435
v  9.676 4.20482e-16 -6.867
v  3.379 1.46835e-16 -2.398
v  0 0 0
v  7.249 3.1504e-16 -5.145
v  4.213 -3.63414e-16 5.935
v  3.572 -3.91275e-16 6.39
v  16.281 -6.09262e-17 0.995
v  15.599 -9.05626e-17 1.479
v  12.062 -1.12374e-15 18.352
v  17.045 -1.55365e-15 25.373
v  8.307 -7.99756e-16 13.061
v  17.663 -1.52683e-15 24.935
v  21.86 -1.88896e-15 30.849
v  29.131 -1.57294e-15 25.688
v  31.51 -1.46958e-15 24
v  25.261 -1.74114e-15 28.435
v  25.553 -9.55592e-16 15.606
v  26.283 -9.23874e-16 15.088
v  23.06 -6.45817e-16 10.547
v  19.305 -3.21837e-16 5.256
v  20.313 -4.08848e-16 6.677
v  19.951 25.263 12.753
v  16.196 25.264 7.462
v  12.326 25.264 10.208
v  16.082 25.264 15.5

# 0 UV coordinates

# 63 vertex normals
vn 0 1 -0
vn -0.815479 0 0.578787
vn 0.578923 -0 0.815382
vn 0.8155 0 -0.578757
vn -0.578684 0 -0.815552
vn 3.4383e-24 -1 -6.12323e-17
vn 3.43921e-24 -1 -6.12323e-17
vn 0.00019958 1 0.000375339
vn 8.74648e-05 1 -0.000282594
vn 6.04356e-05 1 -4.28909e-05
vn 0.000103881 1 0.000146396
vn 4.35559e-05 1 -0.000149978
vn -0.578661 0 -0.815569
vn -0.578824 -2.35796e-05 -0.815453
vn -0.578747 5.20204e-06 -0.815507
vn -0.578761 -2.79629e-06 -0.815497
vn -0.578747 4.99354e-17 -0.815507
vn 1.87158e-20 1 6.12756e-17
vn -0.578829 0 -0.815449
vn -0.578747 0 -0.815507
vn -0.815438 -3.5444e-17 0.578844
vn -0.815438 0 0.578844
vn -0.815464 0 0.578807
vn -0.8155 1.99911e-05 0.578757
vn -0.815488 7.55881e-06 0.578774
vn -0.81548 -4.42625e-06 0.578785
vn -0.815488 0 0.578774
vn 2.58793e-19 -1 -6.13987e-17
vn -0.815509 0 0.578744
vn 0.578237 -0 0.815869
vn 0.578809 -0 0.815463
vn 0.578824 -3.03047e-06 0.815453
vn 0.578673 6.2012e-05 0.815559
vn 0.578817 -2.02872e-05 0.815458
vn 0.578673 0 0.815559
vn -7.3041e-19 1 6.04779e-17
vn 0.578698 -0 0.815542
vn 0.815509 0 -0.578745
vn 0.815509 0 -0.578745
vn 0.815477 0 -0.57879
vn 0.815453 -9.26801e-06 -0.578824
vn 0.81563 0.000115615 -0.578574
vn 0.815501 9.7676e-06 -0.578755
vn 0.815493 0 -0.578767
vn 0 -1 -6.10465e-17
vn 0 -1 -6.34413e-17
vn 0 -1 -6.12151e-17
vn 0.815506 0 -0.578749
vn -0.8155 0 0.578757
vn -0.8155 0 0.578757
vn 0.578684 -0 0.815552
vn 0.815479 0 -0.578787
vn -0.578923 0 -0.815382
vn 0 -1 -6.12323e-17
vn -7.05279e-24 -1 -6.12323e-17
vn 0 -1 -6.12323e-17
vn 0 -1 -6.12323e-17
vn -2.29566e-24 -1 -6.12323e-17
vn 2.92687e-22 -1 -6.12323e-17
vn -9.72629e-24 -1 -6.12323e-17
vn 5.77285e-24 -1 -6.12323e-17
vn -3.00662e-23 -1 -6.12323e-17
vn -1.75546e-24 -1 -6.12323e-17

# Mesh 'defaultobject' with 100 faces
g defaultobject
usemtl DefaultMaterial
f  1//1 2//1 3//1
f  2//1 1//1 4//1
f  5//2 2//2 4//2
f  2//2 5//2 6//2
f  6//3 3//3 2//3
f  3//3 6//3 7//3
f  7//4 1//4 3//4
f  1//4 7//4 8//4
f  8//5 4//5 1//5
f  4//5 8//5 5//5
f  8//6 6//6 5//6
f  6//6 8//6 7//7
f  9//1 10//1 11//1
f  10//1 9//1 12//1
f  10//1 12//1 13//1
f  10//1 13//1 14//1
f  15//1 16//1 17//1
f  10//1 18//1 19//1
f  18//1 10//1 14//1
f  18//1 14//1 20//1
f  18//1 20//1 21//1
f  18//1 21//1 22//1
f  22//8 21//8 23//8
f  23//9 21//9 24//9
f  24//10 21//10 17//10
f  24//11 17//11 25//11
f  25//12 17//12 26//12
f  26//1 17//1 16//1
f  26//1 16//1 27//1
f  27//1 16//1 28//1
f  27//1 28//1 29//1
f  30//13 9//13 11//13
f  9//14 30//14 12//14
f  12//15 30//15 13//15
f  13//16 30//16 31//16
f  13//15 31//17 32//17
f  31//18 30//18 33//18
f  34//19 20//19 14//19
f  20//19 34//19 35//19
f  36//20 10//20 19//20
f  10//20 36//20 37//20
f  32//21 14//21 13//21
f  14//21 32//21 34//22
f  35//23 21//23 20//23
f  21//24 35//24 17//24
f  17//25 35//25 15//25
f  15//26 35//26 38//26
f  15//25 38//27 39//27
f  38//28 35//28 40//28
f  41//29 28//29 16//29
f  28//29 41//29 42//29
f  39//30 16//30 15//30
f  16//30 39//30 41//30
f  42//31 29//31 28//31
f  29//32 42//32 27//32
f  27//33 42//33 26//33
f  26//34 42//34 43//34
f  26//35 43//35 44//35
f  43//36 42//36 45//36
f  46//37 24//37 25//37
f  24//37 46//37 47//37
f  44//38 25//38 26//38
f  25//38 44//38 46//39
f  47//40 23//40 24//40
f  23//41 47//41 22//41
f  22//42 47//42 18//42
f  18//43 47//43 19//43
f  19//44 47//44 36//44
f  36//45 47//45 48//45
f  36//45 48//45 49//46
f  49//46 48//45 50//47
f  37//48 11//48 10//48
f  11//48 37//48 30//48
f  8//49 51//49 52//49
f  51//49 8//49 7//50
f  5//51 52//51 53//51
f  52//51 5//51 8//51
f  6//52 53//52 54//52
f  53//52 6//52 5//52
f  51//53 6//53 54//53
f  6//53 51//53 7//53
f  48//45 47//45 46//54
f  43//55 46//54 44//55
f  46//54 43//55 45//56
f  46//54 45//56 48//45
f  48//45 45//56 50//47
f  50//47 45//56 42//57
f  50//47 42//57 49//46
f  49//46 42//57 36//45
f  36//45 42//57 37//58
f  37//58 42//57 41//54
f  37//58 41//54 30//56
f  30//56 41//54 39//59
f  30//56 39//59 38//28
f  30//56 38//28 33//60
f  33//60 38//28 40//28
f  33//60 40//28 31//61
f  31//61 40//28 34//62
f  34//62 40//28 35//28
f  32//63 31//61 34//62

