# File produced by Open Asset Import Library (http://www.assimp.sf.net)
# (assimp v3.1.0)

mtllib ID_36265.obj.mtl

# 12 vertex positions
v  1.337 10.399 -0.688
v  8.274 12.546 -0.688
v  6.821 10.398 -3.511
v  9.171 13.872 1.056
v  2.351 13.872 4.567
v  0 10.398 6.36694e-16
v  9.171 -6.46614e-17 1.056
v  6.821 2.14987e-16 -3.511
v  8.274 4.21278e-17 -0.688
v  0 0 0
v  1.337 4.21278e-17 -0.688
v  2.351 -2.79648e-16 4.567

# 0 UV coordinates

# 18 vertex normals
vn -0.256345 0.828257 -0.498274
vn -0.256394 0.828414 -0.497988
vn -0.256383 0.828402 -0.498015
vn -0.256826 0.82834 -0.497888
vn 0.88927 0 -0.457382
vn 0.88915 -4.09327e-05 -0.457615
vn 0.889188 0 -0.457541
vn 0 1 6.12223e-17
vn -0.457689 0 -0.889112
vn -0.457558 8.68476e-05 -0.88918
vn -0.457663 5.44432e-17 -0.889126
vn -9.74222e-21 -1 -6.12785e-17
vn -0.889109 0 0.457696
vn -0.889109 0 0.457695
vn 0.457716 -0 0.889098
vn -0 -1 -6.12323e-17
vn 0 -1 -6.12323e-17
vn -1.34367e-24 -1 -6.12323e-17

# Mesh 'defaultobject' with 20 faces
g defaultobject
usemtl DefaultMaterial
f  1//1 2//1 3//1
f  2//2 1//2 4//2
f  4//3 1//3 5//3
f  5//4 1//4 6//4
f  7//5 2//5 4//5
f  2//6 7//6 3//6
f  3//7 7//7 8//7
f  8//8 7//8 9//8
f  8//9 1//9 3//9
f  1//10 8//10 6//10
f  6//11 8//11 10//11
f  10//12 8//12 11//12
f  6//13 12//13 5//13
f  12//13 6//13 10//14
f  12//15 4//15 5//15
f  4//15 12//15 7//15
f  9//16 11//12 8//12
f  11//12 9//16 7//17
f  11//12 7//17 12//18
f  11//12 12//18 10//12

