# {"id":"_9054","idOriginal":"_9054","origin":[14.280542381051003,48.29650162490649],"elevation":313.99}
# Longitude: 14.280542381051003
# Latitude: 48.29650162490649
# Elevation: 313.99

# File produced by Open Asset Import Library (http://www.assimp.sf.net)
# (assimp v3.1.0)

mtllib _9054.obj.mtl

# 28 vertex positions
v  2.168 8.37 9.332
v  22.032 8.37 7.504
v  21.423 8.37 4.859
v  14.139 8.37 9.322
v  14.174 8.37 9.476
v  10.68 8.37 10.177
v  2.79 8.37 12.01
v  10.704 8.37 10.282
v  2.79 -7.354e-16 12.01
v  10.68 -6.23162e-16 10.177
v  10.704 -6.29591e-16 10.282
v  14.174 -5.80238e-16 9.476
v  14.139 -5.70808e-16 9.322
v  22.032 -4.59487e-16 7.504
v  2.168 -5.7142e-16 9.332
v  21.423 -2.97528e-16 4.859
v  2.168 10.98 9.332
v  19.273 10.98 -4.477
v  0 10.98 6.72331e-16
v  21.423 10.98 4.859
v  19.273 2.74137e-16 -4.477
v  0 0 0
v  10.704 3.97 10.282
v  14.733 3.97 11.904
v  14.174 3.97 9.476
v  11.279 3.97 12.759
v  11.279 -7.81263e-16 12.759
v  14.733 -7.2891e-16 11.904

# 0 UV coordinates

# 25 vertex normals
vn 0 1 0
vn 0.226293 -0 0.974059
vn 0.226253 -0 0.974068
vn 0.224454 -0 0.974485
vn -0.974858 0 0.222827
vn -0.974071 0 0.226241
vn 0.975133 0 -0.22162
vn 0.974503 0 -0.224375
vn -0.226278 0 -0.974063
vn -1.81091e-22 -1 -6.12331e-17
vn 9.86693e-25 -1 -6.12323e-17
vn -3.25199e-24 -1 -6.12324e-17
vn 2.37722e-24 -1 -6.12323e-17
vn 0.226278 -0 0.974063
vn 0.974493 0 -0.224417
vn -0.226269 0 -0.974065
vn -0.226269 5.96443e-17 -0.974065
vn -0.974059 -1.38564e-17 0.226292
vn -0.974059 0 0.226292
vn 0 -1 -6.12323e-17
vn 0.240287 -0 0.970702
vn 0.974506 0 -0.224361
vn -0.226253 0 -0.974068
vn -0.974099 0 0.226123
vn 2.04802e-23 -1 -6.12323e-17

# Mesh 'defaultobject' with 52 faces
g defaultobject
usemtl DefaultMaterial
f  1//1 2//1 3//1
f  2//1 1//1 4//1
f  4//1 1//1 5//1
f  5//1 1//1 6//1
f  6//1 1//1 7//1
f  8//1 5//1 6//1
f  9//2 6//2 7//2
f  6//2 9//2 10//2
f  11//3 5//3 8//3
f  5//3 11//3 12//3
f  13//4 2//4 4//4
f  2//4 13//4 14//4
f  10//5 8//5 6//5
f  8//5 10//5 11//5
f  15//6 7//6 1//6
f  7//6 15//6 9//6
f  12//7 4//7 5//7
f  4//7 12//7 13//7
f  14//8 3//8 2//8
f  3//8 14//8 16//8
f  16//9 1//9 3//9
f  1//9 16//9 15//9
f  11//10 10//10 12//10
f  14//11 15//11 16//11
f  15//11 14//11 13//12
f  15//11 13//12 12//10
f  15//11 12//10 10//10
f  15//11 10//10 9//13
f  17//1 18//1 19//1
f  18//1 17//1 20//1
f  15//14 20//14 17//14
f  20//14 15//14 16//14
f  16//15 18//15 20//15
f  18//15 16//15 21//15
f  21//16 19//16 18//16
f  19//16 21//16 22//17
f  22//18 17//18 19//18
f  17//18 22//18 15//19
f  15//11 21//20 16//11
f  21//20 15//11 22//20
f  23//1 24//1 25//1
f  24//1 23//1 26//1
f  27//21 24//21 26//21
f  24//21 27//21 28//21
f  28//22 25//22 24//22
f  25//22 28//22 12//22
f  12//23 23//23 25//23
f  23//23 12//23 11//23
f  11//24 26//24 23//24
f  26//24 11//24 27//24
f  11//10 28//25 27//25
f  28//25 11//10 12//10

