# {"id":"ID_6407","idOriginal":"ID_6407","origin":[14.309232415486273,48.25292237939365],"elevation":258.78,"wof":[{"Id":85681677,"Name":"Oberösterreich","Placetype":"region","Offset":-1},{"Id":102049853,"Name":"Linz","Placetype":"county","Offset":-1},{"Id":85898447,"Name":"Scharlinz","Placetype":"neighbourhood","Offset":-1},{"Id":101748071,"Name":"Linz","Placetype":"locality","Offset":-1},{"Id":85632785,"Name":"Austria","Placetype":"country","Offset":-1}]}

# Attribution: City of Linz <http://geo.data.linz.gv.at/katalog/geodata/3d_geo_daten_lod2/>
# Longitude: 14.309232415486273
# Latitude: 48.25292237939365
# Elevation: 258.78

# File produced by Open Asset Import Library (http://www.assimp.sf.net)
# (assimp v3.1.0)


# 54 vertex positions
v  8.965 34.83 -11.504
v  13.918 34.83 -5.31
v  14.6 34.83 -10.806
v  8.283 34.83 -6.008
v  8.283 3.67884e-16 -6.008
v  13.918 3.25144e-16 -5.31
v  14.6 6.61677e-16 -10.806
v  8.965 7.04417e-16 -11.504
v  1.705 32.649 -13.748
v  8.965 32.648 -11.504
v  9.13 32.649 -12.828
v  14.896 32.648 -13.195
v  22.469 32.648 -9.83
v  22.765 32.648 -12.219
v  9.292 32.648 -13.89
v  21.786 32.648 -4.334
v  9.16 32.648 -12.824
v  0.859 32.648 -6.929
v  21.004 32.648 1.969
v  16.877 32.648 1.005
v  13.626 32.648 0.602
v  0 32.648 1.99911e-15
v  7.837 32.648 0.855
v  13.508 32.648 1.558
v  13.072 32.648 1.504
v  3.672 32.648 0.455
v  7.704 32.648 1.927
v  7.304 32.648 1.877
v  3.553 32.648 1.412
v  16.822 32.648 1.45
v  9.292 8.50517e-16 -13.89
v  14.896 8.07961e-16 -13.195
v  22.765 7.48198e-16 -12.219
v  9.16 7.85244e-16 -12.824
v  1.705 8.41822e-16 -13.748
v  9.13 7.85488e-16 -12.828
v  0 0 0
v  0.859 4.24279e-16 -6.929
v  3.672 -2.78607e-17 0.455
v  3.553 -8.64601e-17 1.412
v  16.877 -6.15385e-17 1.005
v  16.822 -8.87869e-17 1.45
v  7.704 -1.17995e-16 1.927
v  7.304 -1.14933e-16 1.877
v  7.837 -5.23537e-17 0.855
v  13.508 -9.54e-17 1.558
v  13.072 -9.20934e-17 1.504
v  13.626 -3.68619e-17 0.602
v  21.004 -1.20566e-16 1.969
v  22.469 6.01914e-16 -9.83
v  21.786 2.65381e-16 -4.334
v  13.918 32.648 -5.31
v  14.6 32.648 -10.806
v  8.283 32.648 -6.008

# 0 UV coordinates

# 60 vertex normals
vn 0 1 0
vn -0.122929 0 0.992415
vn 0.992389 -0 0.123146
vn 0.122929 0 -0.992415
vn -0.992389 0 -0.123146
vn -6.73403e-24 -1 -6.12323e-17
vn -1.34681e-23 -1 -6.12323e-17
vn -9.21106e-05 1 0.000743393
vn 0.000307769 1 -0.000550336
vn -1.78995e-05 1 0.000144348
vn 0.123076 0 -0.992397
vn 0.123088 -2.09614e-06 -0.992396
vn 0.123076 2.94336e-06 -0.992397
vn 0.123088 0 -0.992396
vn 0.118393 -0.270148 -0.955512
vn 0.123002 0 -0.992406
vn -1.73472e-20 1 6.13777e-17
vn -0.99242 0 -0.122889
vn -0.992392 0 -0.123121
vn -0.992403 -1.93538e-05 -0.12303
vn -0.992397 7.53618e-18 -0.123075
vn -9.59985e-20 1 6.12231e-17
vn -0.992357 0 -0.123397
vn -0.992448 0 -0.122663
vn -0.12297 -6.07676e-17 0.99241
vn -0.12297 0 0.99241
vn -0.123025 0 0.992404
vn -0.124035 0.000117789 0.992278
vn -0.123123 0 0.992391
vn 2.20107e-21 -1 -6.12494e-17
vn -0.123031 0 0.992403
vn -0.122914 -1.90886e-05 0.992417
vn -0.123022 0 0.992404
vn -8.30824e-21 1 6.12937e-17
vn -0.12302 0 0.992404
vn -0.123159 0 0.992387
vn 0.992391 -0 0.123123
vn 0.992468 -0 0.122501
vn 0.992391 -0 0.123124
vn 0.992366 3.91726e-05 0.123324
vn 0.992411 -9.39902e-05 0.122961
vn 0.99238 1.90294e-05 0.123217
vn 0.992411 0 0.122961
vn 0 -1 -6.12289e-17
vn -0.992389 0 -0.123146
vn -0.122929 0 0.992415
vn 0.992389 -0 0.123146
vn 0.122929 0 -0.992415
vn -2.62662e-24 -1 -6.12323e-17
vn 4.99253e-24 -1 -6.12323e-17
vn -5.54691e-24 -1 -6.12323e-17
vn 0 -1 -6.12323e-17
vn 7.44664e-24 -1 -6.12323e-17
vn 1.44709e-22 -1 -6.12324e-17
vn 0 -1 -6.12323e-17
vn -1.60703e-21 -1 -6.12325e-17
vn -1.30796e-21 -1 -6.12325e-17
vn -3.09028e-24 -1 -6.12323e-17
vn 0 -1 -6.12323e-17
vn 0 -1 -6.12231e-17

# Mesh 'defaultobject' with 101 faces
g defaultobject
usemtl DefaultMaterial
f  1//1 2//1 3//1
f  2//1 1//1 4//1
f  5//2 2//2 4//2
f  2//2 5//2 6//2
f  6//3 3//3 2//3
f  3//3 6//3 7//3
f  7//4 1//4 3//4
f  1//4 7//4 8//4
f  8//5 4//5 1//5
f  4//5 8//5 5//5
f  8//6 6//6 5//6
f  6//6 8//6 7//7
f  9//8 10//8 11//8
f  12//1 13//1 14//1
f  13//1 12//1 15//1
f  13//1 15//1 16//1
f  16//1 15//1 17//1
f  16//1 17//1 10//1
f  16//9 10//9 9//9
f  16//10 9//10 18//10
f  16//1 18//1 19//1
f  19//1 18//1 20//1
f  20//1 18//1 21//1
f  21//1 18//1 22//1
f  21//1 22//1 23//1
f  21//1 23//1 24//1
f  24//1 23//1 25//1
f  23//1 22//1 26//1
f  23//1 26//1 27//1
f  27//1 26//1 28//1
f  29//1 28//1 26//1
f  30//1 19//1 20//1
f  12//11 31//11 15//11
f  31//12 12//12 14//12
f  31//11 14//13 32//13
f  32//14 14//12 33//14
f  17//15 9//15 11//15
f  9//16 17//16 34//16
f  9//16 34//16 35//16
f  35//17 34//17 36//17
f  31//18 17//18 15//18
f  17//18 31//18 34//18
f  35//19 18//19 9//19
f  18//20 35//20 22//20
f  22//21 35//21 37//21
f  37//22 35//17 38//22
f  39//23 29//23 26//23
f  29//23 39//23 40//23
f  41//24 30//24 20//24
f  30//24 41//24 42//24
f  37//25 26//25 22//25
f  26//25 37//25 39//26
f  40//27 28//27 29//27
f  28//28 40//28 27//28
f  27//29 40//29 43//29
f  43//30 40//30 44//30
f  45//31 25//31 23//31
f  25//32 45//32 24//32
f  24//33 45//31 46//33
f  46//34 45//34 47//34
f  48//35 20//35 21//35
f  20//35 48//35 41//35
f  42//36 19//36 30//36
f  19//36 42//36 49//36
f  43//37 23//37 27//37
f  23//37 43//37 45//37
f  46//38 21//38 24//38
f  21//38 46//38 48//38
f  49//39 16//39 19//39
f  16//40 49//40 13//40
f  13//41 49//41 14//41
f  14//42 49//42 50//42
f  14//43 50//43 33//43
f  50//44 49//44 51//44
f  7//45 52//45 53//45
f  52//45 7//45 6//45
f  8//46 53//46 10//46
f  53//46 8//46 7//46
f  5//47 10//47 54//47
f  10//47 5//47 8//47
f  6//48 54//48 52//48
f  54//48 6//48 5//48
f  42//49 41//49 49//44
f  40//30 39//50 44//30
f  50//44 32//51 33//51
f  32//51 50//44 51//44
f  32//51 51//44 49//44
f  32//51 49//44 41//49
f  32//51 41//49 48//52
f  32//51 48//52 31//53
f  31//53 48//52 46//54
f  31//53 46//54 47//55
f  31//53 47//55 45//52
f  31//53 45//52 34//56
f  34//56 45//52 36//57
f  36//57 45//52 35//58
f  35//58 45//52 43//30
f  35//58 43//30 44//30
f  35//58 44//30 39//50
f  35//58 39//50 37//59
f  35//58 37//59 38//60

