# {"id":"ID_44236","idOriginal":"ID_44236","origin":[14.319173915244862,48.2559592648922],"elevation":257.344,"wof":[{"Id":102049853,"Name":"Linz","Placetype":"county","Offset":-1},{"Id":101748071,"Name":"Linz","Placetype":"locality","Offset":-1},{"Id":85632785,"Name":"Austria","Placetype":"country","Offset":-1},{"Id":85681677,"Name":"Oberösterreich","Placetype":"region","Offset":-1},{"Id":85898429,"Name":"Kleinmünchen","Placetype":"neighbourhood","Offset":-1}]}

# Attribution: City of Linz <http://geo.data.linz.gv.at/katalog/geodata/3d_geo_daten_lod2/>
# Longitude: 14.319173915244862
# Latitude: 48.2559592648922
# Elevation: 257.344

# File produced by Open Asset Import Library (http://www.assimp.sf.net)
# (assimp v3.1.0)


# 10 vertex positions
v  2.211 3.347 4.167
v  3.636 3.347 -1.928
v  0 3.347 2.04945e-16
v  4.041 3.347 -2.143
v  6.251 3.347 2.024
v  6.251 -1.23934e-16 2.024
v  4.041 1.31221e-16 -2.143
v  0 0 0
v  3.636 1.18056e-16 -1.928
v  2.211 -2.55155e-16 4.167

# 0 UV coordinates

# 10 vertex normals
vn 0 1 0
vn 0.883442 0 -0.46854
vn -0.46889 0 -0.883257
vn -0.468468 6.53826e-05 -0.88348
vn -0.46851 5.40962e-17 -0.883458
vn 5.87731e-20 -1 -6.11828e-17
vn -0.883354 -2.86999e-17 0.468706
vn -0.883354 0 0.468706
vn 0.468601 -0 0.88341
vn 0 -1 -6.12323e-17

# Mesh 'defaultobject' with 16 faces
g defaultobject
usemtl DefaultMaterial
f  1//1 2//1 3//1
f  2//1 1//1 4//1
f  4//1 1//1 5//1
f  6//2 4//2 5//2
f  4//2 6//2 7//2
f  7//3 2//3 4//3
f  2//4 7//4 3//4
f  3//5 7//5 8//5
f  8//6 7//6 9//6
f  8//7 1//7 3//7
f  1//7 8//7 10//8
f  10//9 5//9 1//9
f  5//9 10//9 6//9
f  10//10 7//6 6//10
f  7//6 10//10 9//6
f  9//6 10//10 8//6

