# File produced by Open Asset Import Library (http://www.assimp.sf.net)
# (assimp v3.1.0)

mtllib ID_33450.obj.mtl

# 10 vertex positions
v  7.223 6.249 -1.607
v  1.472 6.249 6.647
v  8.733 6.249 5.034
v  5.774 6.249 -1.275
v  0 6.249 3.82641e-16
v  8.733 -3.08244e-16 5.034
v  7.223 9.84004e-17 -1.607
v  0 0 0
v  5.774 7.80712e-17 -1.275
v  1.472 -4.07011e-16 6.647

# 0 UV coordinates

# 10 vertex normals
vn 0 1 -0
vn 0.975111 0 -0.221716
vn -0.223336 0 -0.974742
vn -0.215623 0.00188069 -0.976475
vn -0.217174 5.97709e-17 -0.976133
vn 0 -1 -6.12322e-17
vn -0.976346 -1.32393e-17 0.216215
vn -0.976346 0 0.216215
vn 0.216859 -0 0.976203
vn 2.09016e-24 -1 -6.12323e-17

# Mesh 'defaultobject' with 16 faces
g defaultobject
usemtl DefaultMaterial
f  1//1 2//1 3//1
f  2//1 1//1 4//1
f  2//1 4//1 5//1
f  6//2 1//2 3//2
f  1//2 6//2 7//2
f  7//3 4//3 1//3
f  4//4 7//4 5//4
f  5//5 7//5 8//5
f  8//6 7//6 9//6
f  8//7 2//7 5//7
f  2//7 8//7 10//8
f  10//9 3//9 2//9
f  3//9 10//9 6//9
f  10//10 7//6 6//10
f  7//6 10//10 9//6
f  9//6 10//10 8//6

