# File produced by Open Asset Import Library (http://www.assimp.sf.net)
# (assimp v3.1.0)

mtllib ID_56387.obj.mtl

# 18 vertex positions
v  5.598 5.829 3.694
v  1.848 5.829 1.631
v  4.979 5.829 4.393
v  2.456 5.829 0.923
v  0.725 5.829 0.64
v  1.348 5.829 -0.054
v  0 5.829 3.56923e-16
v  0.021 5.829 -0.023
v  0.618 5.829 -0.698
v  0.618 4.27402e-17 -0.698
v  1.348 3.30655e-18 -0.054
v  5.598 -2.26192e-16 3.694
v  2.456 -5.65174e-17 0.923
v  0 0 0
v  0.021 1.40834e-18 -0.023
v  1.848 -9.98699e-17 1.631
v  4.979 -2.68994e-16 4.393
v  0.725 -3.91887e-17 0.64

# 0 UV coordinates

# 22 vertex normals
vn 0 1 0
vn 0.661554 0 -0.749898
vn 0.661375 3.97053e-05 -0.750055
vn 0.66144 3.43671e-06 -0.749998
vn 0.661554 -0.000169076 -0.749898
vn 0.661423 0 -0.750013
vn -4.95635e-20 1 6.12605e-17
vn -0.74906 0 -0.662502
vn -0.738483 0.0024457 -0.674267
vn -0.74871 4.05908e-17 -0.662898
vn -2.32877e-22 -1 -6.12322e-17
vn -0.661793 -4.59051e-17 0.749687
vn -0.661666 -2.80603e-05 0.749799
vn -0.661535 -0.0001021 0.749915
vn -0.661716 0.000172914 0.749755
vn -0.661535 0 0.749915
vn 0 1 6.12406e-17
vn 0.748649 -0 0.662967
vn -1.35803e-23 -1 -6.12323e-17
vn 0 -1 -6.12323e-17
vn 1.77556e-24 -1 -6.12323e-17
vn 0 -1 -6.12323e-17

# Mesh 'defaultobject' with 32 faces
g defaultobject
usemtl DefaultMaterial
f  1//1 2//1 3//1
f  2//1 1//1 4//1
f  2//1 4//1 5//1
f  5//1 4//1 6//1
f  5//1 6//1 7//1
f  7//1 6//1 8//1
f  8//1 6//1 9//1
f  6//2 10//2 9//2
f  10//3 6//3 4//3
f  10//4 4//4 1//4
f  10//5 1//5 11//5
f  11//6 1//6 12//6
f  11//7 12//7 13//7
f  10//8 8//8 9//8
f  8//9 10//9 7//9
f  7//10 10//10 14//10
f  14//11 10//11 15//11
f  14//12 5//12 7//12
f  5//13 14//13 2//13
f  2//14 14//14 3//14
f  3//15 14//15 16//15
f  3//16 16//16 17//16
f  16//17 14//17 18//17
f  17//18 1//18 3//18
f  1//18 17//18 12//18
f  16//19 12//19 17//19
f  12//19 16//19 13//20
f  13//20 16//19 18//21
f  13//20 18//21 11//22
f  11//22 18//21 14//11
f  11//22 14//11 15//11
f  10//11 11//22 15//11

