# {"id":"ID_17128","idOriginal":"ID_17128","origin":[14.314473903575452,48.28849902707692],"elevation":256.976}
# Longitude: 14.314473903575452
# Latitude: 48.28849902707692
# Elevation: 256.976

# File produced by Open Asset Import Library (http://www.assimp.sf.net)
# (assimp v3.1.0)

mtllib ID_17128.obj.mtl

# 12 vertex positions
v  6.796 4.774 10.265
v  6.305 9.071 -4.175
v  0 9.071 5.55439e-16
v  11.272 9.071 -7.463
v  18.068 4.774 2.803
v  17.3 5.26 1.642
v  11.272 4.56977e-16 -7.463
v  18.068 -1.71634e-16 2.803
v  17.3 -1.00543e-16 1.642
v  0 0 0
v  6.305 2.55645e-16 -4.175
v  6.796 -6.2855e-16 10.265

# 0 UV coordinates

# 17 vertex normals
vn 0.181943 0.94414 0.274767
vn 0.18189 0.944149 0.274771
vn 0.181898 0.944147 0.274773
vn -0.0711878 0.902496 0.424773
vn 0.833821 0 -0.552034
vn 0.833944 -0.000463358 -0.551848
vn 0.833845 0 -0.551998
vn 7.23744e-20 1 6.12287e-17
vn -0.551985 0 -0.833854
vn -0.552104 -9.3178e-05 -0.833776
vn -0.552051 5.10561e-17 -0.83381
vn 0 1 6.12777e-17
vn -0.833821 -3.38024e-17 0.552036
vn -0.833821 0 0.552036
vn 0.552 -0 0.833844
vn 0 -1 -6.12323e-17
vn 2.552e-23 -1 -6.12323e-17

# Mesh 'defaultobject' with 20 faces
g defaultobject
usemtl DefaultMaterial
f  1//1 2//1 3//1
f  2//2 1//2 4//2
f  4//2 1//2 5//3
f  4//4 5//4 6//4
f  6//5 7//5 4//5
f  7//6 6//6 5//6
f  7//7 5//7 8//7
f  7//8 8//8 9//8
f  7//9 2//9 4//9
f  2//10 7//10 3//10
f  3//11 7//11 10//11
f  10//12 7//8 11//12
f  10//13 1//13 3//13
f  1//13 10//13 12//14
f  12//15 5//15 1//15
f  5//15 12//15 8//15
f  9//16 11//16 7//16
f  11//16 9//16 8//17
f  11//16 8//17 12//16
f  11//16 12//16 10//16

