# {"id":"ID_13308","idOriginal":"ID_13308","origin":[14.310250918647494,48.25311525855889],"elevation":258.396,"wof":[{"Id":85898429,"Name":"Kleinmünchen","Placetype":"neighbourhood","Offset":-1},{"Id":85681677,"Name":"Oberösterreich","Placetype":"region","Offset":-1},{"Id":102049853,"Name":"Linz","Placetype":"county","Offset":-1},{"Id":101748071,"Name":"Linz","Placetype":"locality","Offset":-1},{"Id":85632785,"Name":"Austria","Placetype":"country","Offset":-1}]}

# Attribution: City of Linz <http://geo.data.linz.gv.at/katalog/geodata/3d_geo_daten_lod2/>
# Longitude: 14.310250918647494
# Latitude: 48.25311525855889
# Elevation: 258.396

# File produced by Open Asset Import Library (http://www.assimp.sf.net)
# (assimp v3.1.0)


# 42 vertex positions
v  0.771 3.754 -6.297
v  9.839 3.754 -8.396
v  1.16 3.754 -9.467
v  9.451 3.754 -5.227
v  0.771 3.8558e-16 -6.297
v  9.451 3.20061e-16 -5.227
v  9.839 5.14107e-16 -8.396
v  1.16 5.79687e-16 -9.467
v  11.069 3.224 -24.611
v  9.01 3.224 -20.029
v  10.492 3.224 -19.901
v  9.839 3.224 -8.396
v  7.672 3.224 -8.77
v  1.16 3.224 -9.467
v  9.857 3.224 -8.545
v  3.134 3.224 -25.583
v  7.672 5.37008e-16 -8.77
v  9.01 1.22642e-15 -20.029
v  10.492 1.21858e-15 -19.901
v  11.069 1.50699e-15 -24.611
v  9.857 5.2323e-16 -8.545
v  3.134 1.56651e-15 -25.583
v  8.771 3.706 1.083
v  10.81 3.706 -4.192
v  9.438 3.706 -4.361
v  10.143 3.706 1.251
v  8.771 -6.63146e-17 1.083
v  10.143 -7.66017e-17 1.251
v  10.81 2.56686e-16 -4.192
v  9.438 2.67034e-16 -4.361
v  0 3.304 2.02312e-16
v  9.451 3.304 -5.227
v  0.771 3.304 -6.297
v  0.285 3.304 0.035
v  4.439 3.304 0.553
v  9.346 3.304 -4.372
v  8.771 3.304 1.083
v  9.438 3.304 -4.361
v  0 0 0
v  0.285 -2.14313e-18 0.035
v  4.439 -3.38615e-17 0.553
v  9.346 2.67708e-16 -4.372

# 0 UV coordinates

# 39 vertex normals
vn 0 1 0
vn -0.122346 0 0.992488
vn 0.992588 -0 0.121528
vn 0.122472 0 -0.992472
vn -0.992555 0 -0.121799
vn 1.42198e-24 -1 -6.12323e-17
vn 5.6865e-24 -1 -6.12323e-17
vn 0.993013 -0 0.118008
vn 0.99258 -0 0.121596
vn 0.992781 -0 0.119937
vn -0.0860483 0 0.996291
vn -0.122472 0 0.992472
vn 0.121586 0 -0.992581
vn 0.102433 0 -0.99474
vn -0.992582 0 -0.121578
vn -4.08075e-23 -1 -6.12324e-17
vn 1.63143e-24 -1 -6.12323e-17
vn -7.12979e-25 -1 -6.12323e-17
vn 3.13691e-24 -1 -6.12322e-17
vn -0.121541 0 0.992586
vn 0.992575 -0 0.121633
vn 0.122254 0 -0.992499
vn -0.992578 0 -0.121611
vn 0 -1 -6.12323e-17
vn 0 -1 -6.12323e-17
vn -0.121891 -6.07758e-17 0.992543
vn -0.123741 0.000161952 0.992315
vn -0.121439 -0.00297689 0.992594
vn -0.122544 0 0.992463
vn -3.96056e-21 -1 -6.11827e-17
vn 0 1 6.12318e-17
vn 0.992578 -0 0.121611
vn 0.992543 -0 0.121892
vn 0.118721 0 -0.992928
vn 0.122346 0 -0.992488
vn -0.992588 0 -0.121532
vn -0.992588 7.44167e-18 -0.121532
vn 5.52907e-25 -1 -6.12323e-17
vn 3.63957e-22 -1 -6.12316e-17

# Mesh 'defaultobject' with 80 faces
g defaultobject
usemtl DefaultMaterial
f  1//1 2//1 3//1
f  2//1 1//1 4//1
f  5//2 4//2 1//2
f  4//2 5//2 6//2
f  6//3 2//3 4//3
f  2//3 6//3 7//3
f  7//4 3//4 2//4
f  3//4 7//4 8//4
f  8//5 1//5 3//5
f  1//5 8//5 5//5
f  5//6 7//6 6//6
f  7//6 5//6 8//7
f  9//1 10//1 11//1
f  12//1 13//1 14//1
f  13//1 12//1 15//1
f  14//1 13//1 10//1
f  14//1 10//1 16//1
f  16//1 10//1 9//1
f  17//8 10//8 13//8
f  10//8 17//8 18//8
f  19//9 9//9 11//9
f  9//9 19//9 20//9
f  7//10 15//10 12//10
f  15//10 7//10 21//10
f  18//11 11//11 10//11
f  11//11 18//11 19//11
f  8//12 12//12 14//12
f  12//12 8//12 7//12
f  20//13 16//13 9//13
f  16//13 20//13 22//13
f  21//14 13//14 15//14
f  13//14 21//14 17//14
f  22//15 14//15 16//15
f  14//15 22//15 8//15
f  18//16 20//16 19//16
f  22//17 20//16 8//7
f  18//16 8//7 20//16
f  17//18 8//7 18//16
f  7//6 8//7 17//18
f  21//19 7//6 17//18
f  23//1 24//1 25//1
f  24//1 23//1 26//1
f  27//20 26//20 23//20
f  26//20 27//20 28//20
f  28//21 24//21 26//21
f  24//21 28//21 29//21
f  29//22 25//22 24//22
f  25//22 29//22 30//22
f  30//23 23//23 25//23
f  23//23 30//23 27//23
f  30//24 28//24 27//24
f  28//24 30//24 29//25
f  31//1 32//1 33//1
f  32//1 31//1 34//1
f  32//1 34//1 35//1
f  32//1 35//1 36//1
f  36//1 35//1 37//1
f  36//1 37//1 38//1
f  39//26 34//26 31//26
f  34//27 39//27 35//27
f  35//28 39//28 37//28
f  37//29 39//29 27//29
f  27//24 39//30 40//30
f  27//31 40//31 41//31
f  27//32 38//32 37//32
f  38//32 27//32 30//32
f  42//33 32//33 36//33
f  32//33 42//33 6//33
f  30//34 36//34 38//34
f  36//34 30//34 42//34
f  6//35 33//35 32//35
f  33//35 6//35 5//35
f  5//36 31//36 33//36
f  31//36 5//36 39//37
f  41//38 30//24 27//24
f  30//24 41//38 40//30
f  30//24 40//30 42//39
f  42//39 40//30 6//6
f  6//6 40//30 39//30
f  6//6 39//30 5//6

