# {"id":"ID_10619","idOriginal":"ID_10619","origin":[14.303470102919595,48.28488253403288],"elevation":260.498,"wof":[{"Id":102049853,"Name":"Linz","Placetype":"county","Offset":-1},{"Id":101748071,"Name":"Linz","Placetype":"locality","Offset":-1},{"Id":85632785,"Name":"Austria","Placetype":"country","Offset":-1},{"Id":85898459,"Name":"Wegscheid","Placetype":"neighbourhood","Offset":-1},{"Id":85681677,"Name":"Oberösterreich","Placetype":"region","Offset":-1}]}

# Attribution: City of Linz <http://geo.data.linz.gv.at/katalog/geodata/3d_geo_daten_lod2/>
# Longitude: 14.303470102919595
# Latitude: 48.28488253403288
# Elevation: 260.498

# File produced by Open Asset Import Library (http://www.assimp.sf.net)
# (assimp v3.1.0)


# 38 vertex positions
v  11.665 30.665 -3.401
v  9.486 30.665 5.237
v  14.741 30.665 -0.673
v  6.41 30.665 2.509
v  6.41 -1.53632e-16 2.509
v  9.486 -3.20674e-16 5.237
v  14.741 4.12094e-17 -0.673
v  11.665 2.08251e-16 -3.401
v  21.936 28.352 1.796
v  21.792 28.352 2.028
v  21.971 28.352 1.827
v  20.026 28.352 4.014
v  8.741 28.352 -9.907
v  14.771 28.352 9.925
v  13.189 28.352 11.704
v  13.159 28.352 11.677
v  0.04 28.352 0.035
v  8.555 28.352 -9.696
v  6.805 28.352 -7.712
v  1.572 28.352 -1.781
v  0 28.352 1.73606e-15
v  0 0 0
v  13.159 -7.1501e-16 11.677
v  13.189 -7.16663e-16 11.704
v  0.04 -2.14313e-18 0.035
v  14.771 -6.07731e-16 9.925
v  21.971 -1.11871e-16 1.827
v  20.026 -2.45787e-16 4.014
v  21.792 -1.24179e-16 2.028
v  8.741 6.06629e-16 -9.907
v  21.936 -1.09973e-16 1.796
v  8.555 5.93709e-16 -9.696
v  6.805 4.72224e-16 -7.712
v  1.572 1.09055e-16 -1.781
v  6.41 28.352 2.509
v  9.486 28.352 5.237
v  14.741 28.352 -0.673
v  11.665 28.352 -3.401

# 0 UV coordinates

# 37 vertex normals
vn 0 1 -0
vn -0.663518 0 0.74816
vn 0.747305 -0 0.664482
vn 0.663518 0 -0.74816
vn -0.747305 0 -0.664482
vn 6.51267e-24 -1 -6.12323e-17
vn -0.658505 -4.6082e-17 0.752577
vn -0.663748 1.3101e-05 0.747956
vn -0.668967 0.0043622 0.743279
vn -0.663732 -1.00076e-05 0.74797
vn -0.668974 0 0.743286
vn -1.30003e-19 -1 -6.12313e-17
vn 0.74727 -0 0.66452
vn 0.747361 -1.13978e-05 0.664419
vn 0.747285 3.00978e-05 0.664504
vn 0.746793 0.000368064 0.665057
vn 0.74727 3.31189e-05 0.66452
vn 0.747328 0 0.664456
vn 7.52014e-20 -1 -6.11387e-17
vn -9.37583e-21 -1 -6.12367e-17
vn 0.663037 0 -0.748587
vn 0.663543 1.11575e-06 -0.748138
vn 0.663542 0 -0.748139
vn 1.5003e-18 -1 -6.15124e-17
vn -0.750148 0 -0.661269
vn -0.749948 3.00544e-06 -0.661497
vn -0.749853 1.79039e-05 -0.661605
vn -0.749727 9.03109e-05 -0.661747
vn -0.749856 4.05114e-17 -0.661602
vn -5.13992e-19 -1 -6.14221e-17
vn 8.2729e-20 -1 -6.11367e-17
vn -2.97487e-20 -1 -6.12675e-17
vn 0.663518 0 -0.74816
vn -0.747305 0 -0.664482
vn -0.663518 0 0.74816
vn 0.747305 -0 0.664482
vn 0 -1 -6.12323e-17

# Mesh 'defaultobject' with 68 faces
g defaultobject
usemtl DefaultMaterial
f  1//1 2//1 3//1
f  2//1 1//1 4//1
f  5//2 2//2 4//2
f  2//2 5//2 6//2
f  6//3 3//3 2//3
f  3//3 6//3 7//3
f  7//4 1//4 3//4
f  1//4 7//4 8//4
f  8//5 4//5 1//5
f  4//5 8//5 5//5
f  8//6 6//6 5//6
f  6//6 8//6 7//6
f  9//1 10//1 11//1
f  10//1 9//1 12//1
f  12//1 9//1 13//1
f  12//1 13//1 14//1
f  14//1 13//1 15//1
f  15//1 13//1 16//1
f  16//1 13//1 17//1
f  17//1 13//1 18//1
f  17//1 18//1 19//1
f  17//1 19//1 20//1
f  17//1 20//1 21//1
f  22//7 17//7 21//7
f  17//8 22//8 16//8
f  16//9 22//9 15//9
f  15//10 22//10 23//10
f  15//11 23//11 24//11
f  23//12 22//12 25//12
f  24//13 14//13 15//13
f  14//14 24//14 12//14
f  12//15 24//15 10//15
f  10//16 24//16 11//16
f  11//17 24//17 26//17
f  11//18 26//18 27//18
f  27//19 26//19 28//19
f  27//19 28//19 29//20
f  27//21 9//21 11//21
f  9//22 27//22 13//22
f  13//22 27//22 30//23
f  30//24 27//19 31//24
f  30//25 18//25 13//25
f  18//26 30//26 19//26
f  19//27 30//27 20//27
f  20//28 30//28 21//28
f  21//29 30//29 22//29
f  22//12 30//24 32//30
f  22//12 32//30 33//31
f  22//12 33//31 34//32
f  6//33 35//33 36//33
f  35//33 6//33 5//33
f  7//34 36//34 37//34
f  36//34 7//34 6//34
f  8//35 37//35 38//35
f  37//35 8//35 7//35
f  5//36 38//36 35//36
f  38//36 5//36 8//36
f  29//20 31//24 27//19
f  31//24 29//20 30//24
f  30//24 29//20 32//30
f  32//30 29//20 28//19
f  32//30 28//19 33//31
f  33//31 28//19 26//19
f  33//31 26//19 34//32
f  34//32 26//19 24//37
f  34//32 24//37 23//12
f  34//32 25//12 22//12
f  25//12 34//32 23//12

