# {"id":"ID_6435","idOriginal":"ID_6435","origin":[14.282732946827238,48.33718319142394],"elevation":311.08}
# Longitude: 14.282732946827238
# Latitude: 48.33718319142394
# Elevation: 311.08

# File produced by Open Asset Import Library (http://www.assimp.sf.net)
# (assimp v3.1.0)

mtllib ID_6435.obj.mtl

# 42 vertex positions
v  1.005 12.5 -2.192
v  13.437 12.5 -9.994
v  6.122 12.5 -13.355
v  8.299 12.5 1.16
v  1.005 1.34221e-16 -2.192
v  8.299 -7.10295e-17 1.16
v  13.437 6.11956e-16 -9.994
v  6.122 8.17758e-16 -13.355
v  6.122 9.27 -13.355
v  10.68 9.27 -13.433
v  6.951 9.27 -15.164
v  13.437 9.27 -9.994
v  12.048 9.27 -12.794
v  12.114 9.27 -12.764
v  23.464 9.27 -7.577
v  22.632 9.27 -5.769
v  23.401 9.27 -7.44
v  22.632 3.53249e-16 -5.769
v  23.464 4.63957e-16 -7.577
v  23.401 4.55569e-16 -7.44
v  12.114 7.8157e-16 -12.764
v  10.68 8.22534e-16 -13.433
v  6.951 9.28527e-16 -15.164
v  12.048 7.83407e-16 -12.794
v  8.299 9.39 1.16
v  16.496 9.39 7.551
v  17.494 9.39 5.384
v  1.005 9.39 -2.192
v  0.015 9.39 -0.032
v  0 9.39 5.74972e-16
v  16.485 9.39 7.575
v  0 0 0
v  16.485 -4.63835e-16 7.575
v  17.494 -3.29675e-16 5.384
v  16.496 -4.62365e-16 7.551
v  0.015 1.95943e-18 -0.032
v  13.437 12.372 -9.994
v  21.162 12.372 -2.579
v  22.632 12.372 -5.769
v  17.494 12.372 5.384
v  8.299 12.372 1.16
v  21.162 1.57918e-16 -2.579

# 0 UV coordinates

# 47 vertex normals
vn 0 1 0
vn -0.417572 0 0.908644
vn 0.908269 -0 0.418387
vn 0.417506 0 -0.908674
vn -0.909046 0 -0.416697
vn -1.07404e-24 -1 -6.12323e-17
vn -5.35524e-24 -1 -6.12323e-17
vn -0.417506 0 0.908674
vn -0.417522 1.59005e-05 0.908667
vn -0.417506 -2.00383e-05 0.908674
vn -0.417522 0 0.908667
vn 0.90842 -0 0.418058
vn 0.908537 -5.52354e-05 0.417805
vn 0.908429 0 0.418039
vn -7.92787e-19 1 6.08839e-17
vn 0.415656 0 -0.909522
vn 0.4138 0 -0.910368
vn 0.423212 8.10447e-05 -0.906031
vn 0.421047 -0.000326573 -0.907039
vn 0.422781 0.000848504 -0.906231
vn 0.421047 0 -0.907039
vn 2.91688e-21 -1 -6.1237e-17
vn -0.909089 0 -0.416603
vn 8.53228e-24 -1 -6.12323e-17
vn -5.09543e-23 -1 -6.12321e-17
vn -5.15676e-24 -1 -6.12323e-17
vn -0.417537 -5.56394e-17 0.90866
vn -0.417537 0 0.90866
vn 0.909067 -0 0.416649
vn 0.908303 5.14959e-06 0.418314
vn 0.908311 0 0.418295
vn -6.88155e-19 -1 -6.15899e-17
vn 0.417441 0 -0.908704
vn 0.417572 0 -0.908644
vn -0.905459 0 -0.424434
vn -0.909065 3.22704e-05 -0.416655
vn -0.905457 -0.00216961 -0.424433
vn -0.909065 0 -0.416655
vn 0 -1 -6.12323e-17
vn 0 -1 -6.12322e-17
vn -0.417441 0 0.908704
vn 0.908273 -0 0.418378
vn 0.908209 0.000107711 0.418516
vn 0.908255 0 0.418418
vn 0 -1 -6.12591e-17
vn 0.417522 0 -0.908667
vn -0.908269 0 -0.418387

# Mesh 'defaultobject' with 84 faces
g defaultobject
usemtl DefaultMaterial
f  1//1 2//1 3//1
f  2//1 1//1 4//1
f  5//2 4//2 1//2
f  4//2 5//2 6//2
f  6//3 2//3 4//3
f  2//3 6//3 7//3
f  7//4 3//4 2//4
f  3//4 7//4 8//4
f  8//5 1//5 3//5
f  1//5 8//5 5//5
f  5//6 7//6 6//6
f  7//6 5//6 8//7
f  9//1 10//1 11//1
f  10//1 9//1 12//1
f  10//1 12//1 13//1
f  13//1 12//1 14//1
f  14//1 12//1 15//1
f  15//1 12//1 16//1
f  15//1 16//1 17//1
f  8//8 12//8 9//8
f  12//9 8//9 16//9
f  16//10 8//10 7//10
f  16//11 7//11 18//11
f  18//12 17//12 16//12
f  17//13 18//13 15//13
f  15//14 18//14 19//14
f  19//15 18//15 20//15
f  19//16 14//16 15//16
f  14//16 19//16 21//16
f  14//17 21//17 13//17
f  13//18 21//18 10//18
f  10//19 21//19 11//19
f  11//20 21//20 22//20
f  11//21 22//21 23//21
f  22//22 21//22 24//22
f  23//23 9//23 11//23
f  9//23 23//23 8//23
f  7//6 20//24 18//24
f  20//24 7//6 19//25
f  19//25 7//6 21//22
f  21//22 7//6 8//7
f  21//22 8//7 24//22
f  24//22 8//7 22//22
f  22//22 8//7 23//26
f  25//1 26//1 27//1
f  28//1 29//1 25//1
f  26//1 30//1 31//1
f  30//1 26//1 25//1
f  30//1 25//1 29//1
f  32//27 31//27 30//27
f  31//27 32//27 33//28
f  33//29 26//29 31//29
f  26//30 33//30 27//30
f  27//31 33//31 34//31
f  34//32 33//32 35//32
f  34//33 25//33 27//33
f  25//33 34//33 6//33
f  25//34 6//34 28//34
f  28//34 6//34 5//34
f  29//35 32//35 30//35
f  32//36 29//36 28//36
f  32//37 28//37 36//37
f  36//38 28//38 5//38
f  35//32 6//6 34//32
f  6//6 35//32 33//32
f  6//6 33//32 32//39
f  6//6 32//39 36//40
f  6//6 36//40 5//6
f  37//1 38//1 39//1
f  38//1 37//1 40//1
f  40//1 37//1 41//1
f  6//41 40//41 41//41
f  40//41 6//41 34//41
f  34//42 38//42 40//42
f  38//43 34//43 39//43
f  39//44 34//44 18//44
f  18//24 34//32 42//45
f  18//46 37//46 39//46
f  37//46 18//46 7//46
f  7//47 41//47 37//47
f  41//47 7//47 6//47
f  7//6 34//32 6//6
f  34//32 7//6 42//45
f  42//45 7//6 18//24

