# {"id":"ID_17058","idOriginal":"ID_17058","origin":[14.335522432625595,48.27784242640977],"elevation":256.1}
# Longitude: 14.335522432625595
# Latitude: 48.27784242640977
# Elevation: 256.1

# File produced by Open Asset Import Library (http://www.assimp.sf.net)
# (assimp v3.1.0)

mtllib ID_17058.obj.mtl

# 18 vertex positions
v  1.235 30.137 5.757
v  16.357 28.7 8.535
v  15.123 30.137 2.778
v  13.767 28.7 9.091
v  2.47 28.7 11.513
v  12.351 28.7 -2.649
v  13.888 28.7 -2.979
v  3.843 28.7 -0.824
v  0 28.7 1.75737e-15
v  13.888 1.82411e-16 -2.979
v  12.351 1.62204e-16 -2.649
v  0 0 0
v  3.843 5.04554e-17 -0.824
v  2.47 -7.04968e-16 11.513
v  1.235 -3.52515e-16 5.757
v  16.357 -5.22618e-16 8.535
v  13.767 -5.56663e-16 9.091
v  15.123 -1.70103e-16 2.778

# 0 UV coordinates

# 29 vertex normals
vn 0.0497283 0.971484 0.231832
vn 0.0497476 0.971505 0.231738
vn 0.0497104 0.971477 0.231866
vn -0.0497715 0.971486 -0.231814
vn -0.0497291 0.971483 -0.231835
vn -0.0497298 0.971483 -0.231836
vn -0.0497076 0.971486 -0.231828
vn -0.20992 0 -0.977719
vn -0.209733 1.0472e-05 -0.977759
vn -0.209651 4.06492e-05 -0.977776
vn -0.20992 -9.57115e-05 -0.977718
vn -0.209707 5.98708e-17 -0.977764
vn 0 -1 -6.12607e-17
vn -0.977751 -7.29883e-05 0.209767
vn -0.977751 0 0.209767
vn 0 1 6.12167e-17
vn 0.20963 -0 0.977781
vn 0.20989 -0.000107157 0.977725
vn 0.209678 0 0.97777
vn 1.94958e-20 1 6.13274e-17
vn 0.977773 -0.000340008 -0.209668
vn 0.977773 0 -0.209668
vn 0.977755 3.40475e-05 -0.209749
vn 0.97779 0 -0.209587
vn 0 -1 -6.12323e-17
vn 9.1515e-24 -1 -6.12323e-17
vn -4.6692e-24 -1 -6.12323e-17
vn 0 -1 -6.12323e-17
vn 1.95171e-23 -1 -6.12323e-17

# Mesh 'defaultobject' with 32 faces
g defaultobject
usemtl DefaultMaterial
f  1//1 2//1 3//1
f  2//2 1//2 4//2
f  4//3 1//3 5//3
f  6//4 3//4 7//4
f  3//5 6//5 1//5
f  1//5 6//5 8//6
f  1//7 8//7 9//7
f  10//8 6//8 7//8
f  6//9 10//9 8//9
f  8//10 10//10 9//10
f  9//11 10//11 11//11
f  9//12 11//12 12//12
f  12//13 11//13 13//13
f  9//14 5//14 1//14
f  5//15 9//15 12//15
f  5//15 12//15 14//15
f  14//16 12//16 15//16
f  14//17 4//17 5//17
f  4//18 14//18 2//18
f  2//19 14//19 16//19
f  16//20 14//16 17//20
f  2//21 7//21 3//21
f  7//22 2//22 10//22
f  10//23 2//23 18//23
f  18//24 2//24 16//24
f  13//13 15//25 12//13
f  15//25 13//13 14//26
f  14//26 13//13 11//13
f  14//26 11//13 17//27
f  17//27 11//13 10//25
f  17//27 10//25 18//28
f  17//27 18//28 16//29

