# File produced by Open Asset Import Library (http://www.assimp.sf.net)
# (assimp v3.1.0)

mtllib ID_20344.obj.mtl

# 41 vertex positions
v  8.864 9.126 -10.088
v  7.403 9.126 -10.279
v  7.39 9.126 -10.18
v  0.65 9.126 -4.946
v  1.44 9.126 -10.96
v  6.958 9.126 -4.111
v  6.97 9.126 -4.21
v  13.126 9.126 -9.529
v  12.38 9.126 -3.54
v  8.115 9.126 -4.068
v  6.97 2.57788e-16 -4.21
v  12.38 2.16762e-16 -3.54
v  8.115 2.49093e-16 -4.068
v  0.65 3.02855e-16 -4.946
v  6.958 2.51726e-16 -4.111
v  13.126 5.83483e-16 -9.529
v  7.403 6.29407e-16 -10.279
v  8.864 6.17712e-16 -10.088
v  7.39 6.23345e-16 -10.18
v  1.44 6.71106e-16 -10.96
v  7.403 6.211 -10.279
v  9.19 6.211 -13.5
v  7.85 6.211 -13.68
v  9.636 6.211 -16.287
v  9.53 6.211 -16.3
v  8.864 6.211 -10.088
v  9.636 9.97291e-16 -16.287
v  9.53 9.98087e-16 -16.3
v  9.19 8.26637e-16 -13.5
v  7.85 8.37658e-16 -13.68
v  8.864 6.273 -10.088
v  13.9 6.273 -15.75
v  9.636 6.273 -16.287
v  13.126 6.273 -9.529
v  13.9 9.64409e-16 -15.75
v  0 6.211 3.80314e-16
v  6.958 6.211 -4.111
v  0.65 6.211 -4.946
v  6.34 6.211 0.84
v  0 0 0
v  6.34 -5.14352e-17 0.84

# 0 UV coordinates

# 44 vertex normals
vn 0 1 0
vn -0.123075 0 0.992397
vn -0.12286 -2.73148e-05 0.992424
vn -0.122906 0 0.992418
vn -3.08807e-21 1 6.12426e-17
vn -0.131227 0 0.991352
vn 0.992331 -0 0.123607
vn 0.992734 -0 0.120332
vn 0.130045 0 -0.991508
vn 0.129629 -0.000197619 -0.991563
vn 0.129939 0 -0.991522
vn -3.73544e-21 1 6.12612e-17
vn 0.12998 0 -0.991517
vn -0.991488 0 -0.130196
vn -0.991482 0 -0.130241
vn 0 -1 -6.12323e-17
vn 5.80995e-24 -1 -6.12323e-17
vn -5.86117e-21 -1 -6.12331e-17
vn 6.62593e-22 -1 -6.12323e-17
vn 2.36614e-23 -1 -6.12323e-17
vn -4.72725e-25 -1 -6.12323e-17
vn 3.55357e-24 -1 -6.12323e-17
vn 8.16272e-24 -1 -6.12323e-17
vn 0.992334 -0 0.123581
vn 0.121716 0 -0.992565
vn 0.133133 0 -0.991098
vn -0.992708 0 -0.120543
vn -0.991473 0 -0.130311
vn -0.129629 0 0.991563
vn 2.63967e-23 -1 -6.12323e-17
vn -5.18006e-22 -1 -6.12324e-17
vn -6.11696e-22 -1 -6.12324e-17
vn -0.130045 0 0.991508
vn 0.992349 -0 0.123465
vn 0.124951 0 -0.992163
vn -0.992334 0 -0.123581
vn 3.43807e-24 -1 -6.12323e-17
vn -0.131344 -6.07019e-17 0.991337
vn -0.131344 0 0.991337
vn 0.992299 -0 0.123862
vn 0.131227 0 -0.991352
vn -0.991475 0 -0.130299
vn -0.991475 7.97851e-18 -0.130299
vn -4.14777e-25 -1 -6.12323e-17

# Mesh 'defaultobject' with 80 faces
g defaultobject
usemtl DefaultMaterial
f  1//1 2//1 3//1
f  4//1 3//1 5//1
f  3//1 4//1 6//1
f  3//1 6//1 7//1
f  3//1 7//1 1//1
f  1//1 7//1 8//1
f  7//1 9//1 8//1
f  9//1 7//1 10//1
f  11//2 10//2 7//2
f  10//3 11//3 9//3
f  9//4 11//4 12//4
f  12//5 11//5 13//5
f  14//6 6//6 4//6
f  6//6 14//6 15//6
f  12//7 8//7 9//7
f  8//7 12//7 16//7
f  15//8 7//8 6//8
f  7//8 15//8 11//8
f  16//9 1//9 8//9
f  1//10 16//10 2//10
f  2//11 16//11 17//11
f  17//12 16//12 18//12
f  19//13 5//13 3//13
f  5//13 19//13 20//13
f  17//14 3//14 2//14
f  3//14 17//14 19//14
f  20//15 4//15 5//15
f  4//15 20//15 14//15
f  20//16 15//16 14//16
f  15//16 20//16 19//17
f  15//16 19//17 17//18
f  15//16 17//18 11//19
f  11//19 17//18 18//20
f  11//19 18//20 13//21
f  13//21 18//20 12//22
f  12//22 18//20 16//23
f  21//1 22//1 23//1
f  22//1 24//1 25//1
f  24//1 22//1 26//1
f  26//1 22//1 21//1
f  18//24 24//24 26//24
f  24//24 18//24 27//24
f  27//25 25//25 24//25
f  25//25 27//25 28//25
f  29//26 23//26 22//26
f  23//26 29//26 30//26
f  28//27 22//27 25//27
f  22//27 28//27 29//27
f  30//28 21//28 23//28
f  21//28 30//28 17//28
f  17//29 26//29 21//29
f  26//29 17//29 18//29
f  30//30 29//30 17//18
f  18//20 29//30 27//31
f  29//30 18//20 17//18
f  27//31 29//30 28//32
f  31//1 32//1 33//1
f  32//1 31//1 34//1
f  18//33 34//33 31//33
f  34//33 18//33 16//33
f  16//34 32//34 34//34
f  32//34 16//34 35//34
f  35//35 33//35 32//35
f  33//35 35//35 27//35
f  27//36 31//36 33//36
f  31//36 27//36 18//36
f  18//20 35//37 16//23
f  35//37 18//20 27//31
f  36//1 37//1 38//1
f  37//1 36//1 39//1
f  40//38 39//38 36//38
f  39//38 40//38 41//39
f  41//40 37//40 39//40
f  37//40 41//40 15//40
f  15//41 38//41 37//41
f  38//41 15//41 14//41
f  14//42 36//42 38//42
f  36//42 14//42 40//43
f  40//44 15//16 41//44
f  15//16 40//44 14//16

