# File produced by Open Asset Import Library (http://www.assimp.sf.net)
# (assimp v3.1.0)

mtllib ID_7025.obj.mtl

# 44 vertex positions
v  14.73 9.73 -7.927
v  0.275 9.73 0.399
v  1.034 9.73 1.498
v  5.045 9.73 -2.356
v  0 9.73 5.95791e-16
v  4.51 9.73 -3.107
v  6.451 9.73 -3.306
v  8.656 9.73 -4.805
v  10.225 9.73 -7.089
v  11.169 9.73 -7.744
v  12.904 9.73 -8.948
v  13.092 9.73 -9.079
v  13.666 9.73 -9.477
v  8.082 9.73 -5.602
v  1.034 -9.1726e-17 1.498
v  14.73 4.85389e-16 -7.927
v  13.666 5.80299e-16 -9.477
v  5.045 1.44263e-16 -2.356
v  4.51 1.90249e-16 -3.107
v  13.092 5.55928e-16 -9.079
v  8.082 3.43024e-16 -5.602
v  12.904 5.47907e-16 -8.948
v  10.225 4.34076e-16 -7.089
v  11.169 4.74183e-16 -7.744
v  8.656 2.94221e-16 -4.805
v  6.451 2.02434e-16 -3.306
v  0 0 0
v  0.275 -2.44317e-17 0.399
v  10.009 9.45 14.498
v  22.356 9.45 3.142
v  8.671 9.45 12.56
v  23.67 9.45 5.05
v  10.009 -8.87746e-16 14.498
v  23.67 -3.09223e-16 5.05
v  22.356 -1.92392e-16 3.142
v  8.671 -7.69078e-16 12.56
v  22.356 12.488 3.142
v  5.879 12.488 8.516
v  8.671 12.488 12.56
v  1.034 12.488 1.498
v  15.477 12.488 -6.839
v  14.73 12.488 -7.927
v  15.477 4.18768e-16 -6.839
v  5.879 -5.21455e-16 8.516

# 0 UV coordinates

# 48 vertex normals
vn 0 1 0
vn 0.566896 -0 0.823789
vn 0.824445 0 -0.565941
vn 0.814466 0 -0.580212
vn -0.569805 0 -0.82178
vn -0.571706 -0.000166176 -0.820459
vn -0.570121 1.78946e-05 -0.821561
vn -0.57007 3.72356e-05 -0.821596
vn -0.570087 2.8314e-05 -0.821585
vn -0.569805 0.000267737 -0.82178
vn -0.570156 -0 -0.821536
vn 2.00836e-20 -1 -6.12551e-17
vn 1.60902e-19 -1 -6.11427e-17
vn 0 -1 -6.11944e-17
vn -0.562207 0 -0.826996
vn -0.559857 0.000777936 -0.828589
vn -0.561294 -0 -0.827616
vn -1.03043e-21 -1 -6.12321e-17
vn -0.567319 0 -0.823498
vn -0.567319 5.04247e-17 -0.823498
vn -0.811457 0 0.584412
vn -0.822838 0 0.568275
vn -0.823379 -0.000130661 0.567492
vn -0.822838 4.74064e-05 0.568275
vn -0.823379 0 0.567492
vn -6.23478e-24 -1 -6.12323e-17
vn -1.46156e-23 -1 -6.12324e-17
vn -5.21659e-24 -1 -6.12323e-17
vn -1.06212e-23 -1 -6.12323e-17
vn 0 -1 -6.12344e-17
vn 0.568819 -0 0.822463
vn 0.823588 0 -0.567188
vn -0.56692 0 -0.823773
vn -0.822925 0 0.56815
vn 1.35338e-23 -1 -6.12323e-17
vn 4.12664e-24 -1 -6.12323e-17
vn 0.823384 0 -0.567484
vn 0.824394 0.00173174 -0.566014
vn 0.823384 -0.000188538 -0.567484
vn 0.824395 0 -0.566014
vn -0.566896 0 -0.823789
vn -0.822939 0 0.56813
vn -0.822924 -1.73739e-05 0.568151
vn -0.822933 0 0.568138
vn 0 1 6.13701e-17
vn 0.56692 -0 0.823773
vn 1.93019e-23 -1 -6.12323e-17
vn 0 -1 -6.10623e-17

# Mesh 'defaultobject' with 84 faces
g defaultobject
usemtl DefaultMaterial
f  1//1 2//1 3//1
f  2//1 1//1 4//1
f  2//1 4//1 5//1
f  5//1 4//1 6//1
f  4//1 1//1 7//1
f  7//1 1//1 8//1
f  8//1 1//1 9//1
f  9//1 1//1 10//1
f  10//1 1//1 11//1
f  11//1 1//1 12//1
f  12//1 1//1 13//1
f  9//1 14//1 8//1
f  15//2 1//2 3//2
f  1//2 15//2 16//2
f  16//3 13//3 1//3
f  13//3 16//3 17//3
f  18//4 6//4 4//4
f  6//4 18//4 19//4
f  17//5 12//5 13//5
f  12//6 17//6 11//6
f  11//7 17//7 10//7
f  10//8 17//8 9//8
f  9//9 17//9 14//9
f  14//10 17//10 20//10
f  14//11 20//11 21//11
f  21//12 20//12 22//12
f  21//12 22//12 23//13
f  23//13 22//12 24//14
f  25//15 7//15 8//15
f  7//16 25//16 4//16
f  4//17 25//17 18//17
f  18//18 25//18 26//18
f  19//19 5//19 6//19
f  5//19 19//19 27//20
f  21//21 8//21 14//21
f  8//21 21//21 25//21
f  2//22 15//22 3//22
f  15//23 2//23 5//23
f  15//24 5//24 28//24
f  28//25 5//25 27//25
f  16//26 25//18 17//26
f  25//18 16//26 15//27
f  17//26 25//18 20//12
f  20//12 25//18 22//12
f  22//12 25//18 24//14
f  24//14 25//18 23//13
f  25//18 15//27 26//18
f  26//18 15//27 18//18
f  18//18 15//27 19//28
f  19//28 15//27 27//29
f  27//29 15//27 28//30
f  21//12 23//13 25//18
f  29//1 30//1 31//1
f  30//1 29//1 32//1
f  33//31 32//31 29//31
f  32//31 33//31 34//31
f  34//32 30//32 32//32
f  30//32 34//32 35//32
f  35//33 31//33 30//33
f  31//33 35//33 36//33
f  36//34 29//34 31//34
f  29//34 36//34 33//34
f  36//35 34//35 33//35
f  34//35 36//35 35//36
f  37//1 38//1 39//1
f  38//1 37//1 40//1
f  40//1 37//1 41//1
f  40//1 41//1 42//1
f  35//37 41//37 37//37
f  41//38 35//38 42//38
f  42//39 35//39 43//39
f  42//40 43//40 16//40
f  16//41 40//41 42//41
f  40//41 16//41 15//41
f  15//42 38//42 40//42
f  38//43 15//43 39//43
f  39//44 15//42 36//44
f  36//45 15//45 44//45
f  36//46 37//46 39//46
f  37//46 36//46 35//46
f  43//47 15//27 16//26
f  15//27 43//47 35//36
f  15//27 35//36 36//35
f  15//27 36//35 44//48

