# File produced by Open Asset Import Library (http://www.assimp.sf.net)
# (assimp v3.1.0)

mtllib ID_31481.obj.mtl

# 32 vertex positions
v  1.835 6.652 -0.975
v  3.092 6.652 5.762
v  4.923 6.652 4.779
v  0.712 6.652 1.327
v  0 6.652 4.07318e-16
v  0 0 0
v  3.092 -3.52821e-16 5.762
v  0.712 -8.12553e-17 1.327
v  4.923 -2.92629e-16 4.779
v  1.835 5.97015e-17 -0.975
v  11.597 10.169 1.197
v  11.449 10.169 0.922
v  11.085 10.169 1.472
v  4.923 10.169 4.779
v  10.937 10.169 1.197
v  10.848 10.169 1.245
v  8.998 10.169 -2.218
v  1.835 10.169 -0.975
v  8.01 10.169 -4.257
v  8.531 10.169 -4.534
v  9.6 10.169 -2.541
v  9.081 10.169 -2.262
v  8.998 1.35813e-16 -2.218
v  9.6 1.55591e-16 -2.541
v  9.081 1.38508e-16 -2.262
v  11.597 -7.32951e-17 1.197
v  11.085 -9.0134e-17 1.472
v  8.531 2.77627e-16 -4.534
v  11.449 -5.64562e-17 0.922
v  10.848 -7.62343e-17 1.245
v  8.01 2.60666e-16 -4.257
v  10.937 -7.32951e-17 1.197

# 0 UV coordinates

# 38 vertex normals
vn 0 1 0
vn -0.881174 -2.89502e-17 0.472793
vn -0.88114 -1.6129e-05 0.472855
vn -0.881148 0 0.472841
vn 0 1 6.12874e-17
vn 0.473009 -0 0.881058
vn 0.881129 0 -0.472876
vn -0.469214 0 -0.883085
vn -0.469214 5.40733e-17 -0.883085
vn -2.02445e-23 -1 -6.12323e-17
vn -7.80226e-24 -1 -6.12323e-17
vn 4.22942e-24 -1 -6.12323e-17
vn 0.468377 -0 0.883529
vn 0.473492 -5.35641e-05 0.880798
vn 0.47279 0 0.881175
vn 3.86586e-21 1 6.12404e-17
vn 0.47288 -0 0.881127
vn 0.473176 -0.000231096 0.880968
vn 0.472903 0 0.881115
vn -1.45355e-20 1 6.12042e-17
vn 0.881237 0 -0.472675
vn 0.880574 0 -0.473908
vn 0.882028 0 -0.471196
vn -0.469444 0 -0.882962
vn -0.469326 7.77664e-06 -0.883025
vn -0.469335 -0 -0.88302
vn 9.57089e-20 -1 -6.08709e-17
vn -0.473176 0 -0.880968
vn -0.474686 -9.80246e-05 -0.880155
vn -0.4734 -0 -0.880848
vn 1.0258e-21 1 6.12341e-17
vn -0.881129 0 0.472876
vn 4.85254e-25 -1 -6.12323e-17
vn -1.0258e-21 -1 -6.12341e-17
vn 2.31845e-24 -1 -6.12323e-17
vn 0 -1 -6.12323e-17
vn 3.21892e-23 -1 -6.12322e-17
vn 2.44424e-24 -1 -6.12323e-17

# Mesh 'defaultobject' with 60 faces
g defaultobject
usemtl DefaultMaterial
f  1//1 2//1 3//1
f  2//1 1//1 4//1
f  4//1 1//1 5//1
f  6//2 4//2 5//2
f  4//3 6//3 2//3
f  2//4 6//4 7//4
f  7//5 6//5 8//5
f  7//6 3//6 2//6
f  3//6 7//6 9//6
f  9//7 1//7 3//7
f  1//7 9//7 10//7
f  10//8 5//8 1//8
f  5//8 10//8 6//9
f  8//10 9//10 7//10
f  9//10 8//10 10//11
f  10//11 8//10 6//12
f  11//1 12//1 13//1
f  14//1 13//1 12//1
f  15//1 14//1 12//1
f  16//1 14//1 15//1
f  17//1 14//1 16//1
f  18//1 14//1 17//1
f  19//1 18//1 17//1
f  20//1 19//1 17//1
f  21//1 20//1 22//1
f  17//1 22//1 20//1
f  23//13 22//13 17//13
f  22//14 23//14 21//14
f  21//15 23//15 24//15
f  24//16 23//16 25//16
f  9//17 13//17 14//17
f  13//18 9//18 11//18
f  11//19 9//19 26//19
f  26//20 9//20 27//20
f  24//21 20//21 21//21
f  20//21 24//21 28//21
f  26//22 12//22 11//22
f  12//22 26//22 29//22
f  30//23 17//23 16//23
f  17//23 30//23 23//23
f  28//24 19//24 20//24
f  19//25 28//25 18//25
f  18//26 28//26 10//26
f  10//11 28//27 31//27
f  29//28 15//28 12//28
f  15//29 29//29 16//29
f  16//30 29//30 30//30
f  30//31 29//31 32//31
f  10//32 14//32 18//32
f  14//32 10//32 9//32
f  26//33 30//33 29//33
f  32//34 29//33 30//33
f  9//10 10//11 27//35
f  30//33 27//35 10//11
f  26//33 27//35 30//33
f  23//36 30//33 10//11
f  25//37 23//36 10//11
f  24//38 25//37 10//11
f  31//27 24//38 10//11
f  28//27 24//38 31//27

