# File produced by Open Asset Import Library (http://www.assimp.sf.net)
# (assimp v3.1.0)

mtllib ID_10557.obj.mtl

# 50 vertex positions
v  8.137 11.9 8.647
v  15.878 11.505 8.651
v  15.861 11.505 8.27
v  16.143 11.505 14.399
v  8.418 11.9 14.775
v  0.413 11.505 9.023
v  0.429 11.505 9.37
v  0.534 11.505 11.673
v  0.64 11.505 13.984
v  0.694 11.505 15.152
v  0.694 -9.27792e-16 15.152
v  16.143 -8.81684e-16 14.399
v  8.418 -9.04708e-16 14.775
v  15.861 -5.06391e-16 8.27
v  15.878 -5.29721e-16 8.651
v  0.413 -5.52499e-16 9.023
v  8.137 -5.29476e-16 8.647
v  0.429 -5.73747e-16 9.37
v  0.534 -7.14765e-16 11.673
v  0.64 -8.56273e-16 13.984
v  15.448 11.505 -0.699
v  7.982 11.9 5.256
v  15.705 11.505 4.879
v  10.61 11.753 -0.48
v  7.725 11.9 -0.35
v  0.108 11.505 2.348
v  4.807 11.751 -0.218
v  0 11.505 7.04478e-16
v  0.213 11.505 4.663
v  0.257 11.505 5.632
v  0.257 -3.44861e-16 5.632
v  15.705 -2.98753e-16 4.879
v  7.982 -3.21837e-16 5.256
v  15.448 4.28014e-17 -0.699
v  10.61 2.93915e-17 -0.48
v  0 0 0
v  7.725 2.14313e-17 -0.35
v  4.807 1.33486e-17 -0.218
v  0.108 -1.43774e-16 2.348
v  0.213 -2.85526e-16 4.663
v  15.767 13.08 6.235
v  8.137 12.24 8.647
v  15.861 12.24 8.27
v  15.705 13.64 4.879
v  7.982 13.64 5.256
v  0.413 12.24 9.023
v  0.318 13.094 6.956
v  0.257 13.64 5.632
v  0.318 -4.25932e-16 6.956
v  15.767 -3.81784e-16 6.235

# 0 UV coordinates

# 88 vertex normals
vn 0.0509617 0.998698 -0.00227391
vn 0.0509617 0.998698 -0.00234948
vn 0.0509523 0.998698 -0.00233643
vn -0.0509589 0.998698 0.00233672
vn -0.0509686 0.998697 0.00235014
vn -0.0509502 0.998699 0.00232295
vn -0.0509558 0.998698 0.00233721
vn -0.0509577 0.998698 0.00235594
vn 0.048751 -0 0.998811
vn 0.0486199 8.52998e-05 0.998817
vn 0.0486832 0 0.998814
vn 3.05948e-21 -1 -6.11732e-17
vn 0.998939 0 -0.046054
vn 0.999006 0.000740128 -0.0445756
vn 0.998943 0 -0.0459621
vn 2.44523e-20 -1 -6.12334e-17
vn -0.0487509 0 -0.998811
vn -0.0486259 8.12682e-05 -0.998817
vn -0.0486863 -0 -0.998814
vn 2.99755e-21 -1 -6.11774e-17
vn -0.998939 0 0.0460606
vn -0.998962 1.55712e-05 0.0455454
vn -0.99895 -4.7683e-05 0.0458194
vn -0.998933 -0.000205029 0.0461836
vn -0.998939 -0.000139359 0.0460606
vn -0.998951 0 0.0457838
vn 6.64829e-20 1 6.12308e-17
vn -5.36907e-20 1 6.12351e-17
vn 0 -1 -6.12324e-17
vn 1.03934e-23 -1 -6.12323e-17
vn -2.95896e-24 -1 -6.12324e-17
vn 0.0509646 0.998698 -0.00234814
vn 0.0510949 0.998691 -0.00218437
vn 0.0507822 0.998707 -0.00232805
vn -0.0510023 0.998696 0.00234593
vn -0.0508795 0.998701 0.00257138
vn -0.0509626 0.998698 0.00233631
vn -0.0509532 0.998698 0.00231106
vn -0.0509534 0.998698 0.00231368
vn 0.0486156 -0 0.998818
vn 0.0487526 -8.91623e-05 0.998811
vn 0.0486864 0 0.998814
vn 9.7588e-22 1 6.1254e-17
vn 0.99894 0 -0.046025
vn -0.0452203 0 -0.998977
vn -0.0450106 8.65176e-05 -0.998987
vn -0.0451888 -2.93512e-05 -0.998978
vn -0.0452974 -0.000127959 -0.998974
vn -0.0452203 -2.42277e-05 -0.998977
vn -0.0451941 6.11698e-17 -0.998978
vn 0 1 6.12336e-17
vn -2.58509e-22 1 6.12273e-17
vn -0.998944 -2.8135e-18 0.045948
vn -0.998973 0.000130527 0.0453098
vn -0.998971 0.000109766 0.0453609
vn -0.998944 -0.000178241 0.045948
vn -0.998972 0 0.0453249
vn 1.15064e-19 1 6.12284e-17
vn 2.92539e-25 -1 -6.12323e-17
vn 0 -1 -6.12323e-17
vn 0 -1 -6.12323e-17
vn -2.73948e-24 -1 -6.12323e-17
vn 0 -1 -6.12323e-17
vn 0 -1 -6.12323e-17
vn 3.05597e-25 -1 -6.12323e-17
vn 7.83053e-24 -1 -6.12323e-17
vn 0.018584 0.924491 0.38075
vn 0.0186439 0.924422 0.380915
vn 0.0185899 0.924462 0.380821
vn 0.0185383 0.924462 0.380824
vn 0.0186697 0.924365 0.381052
vn 0.0185176 0.924617 0.380447
vn -0.99894 0 0.0460237
vn -0.998945 1.08764e-05 0.0459164
vn -0.998943 0 0.0459555
vn -3.44924e-19 -1 -6.1224e-17
vn 0.0486218 -0 0.998817
vn 0.0487509 -8.16329e-05 0.998811
vn 0.0486863 0 0.998814
vn -2.78327e-21 1 6.11736e-17
vn 0.998956 0 -0.0456752
vn 0.998936 4.65422e-05 -0.0461232
vn 0.998943 0 -0.0459556
vn 0 -1 -6.12319e-17
vn -0.0486156 0 -0.998818
vn -0.0487571 8.03687e-05 -0.998811
vn -0.0486156 -8.03484e-05 -0.998818
vn -0.0487572 0 -0.998811

# Mesh 'defaultobject' with 100 faces
g defaultobject
usemtl DefaultMaterial
f  1//1 2//1 3//1
f  2//2 1//2 4//2
f  4//3 1//3 5//3
f  6//4 5//4 1//4
f  5//5 6//5 7//5
f  5//6 7//6 8//6
f  5//4 8//7 9//7
f  5//8 9//8 10//8
f  11//9 5//9 10//9
f  5//10 11//10 4//10
f  4//11 11//11 12//11
f  12//12 11//12 13//12
f  12//13 2//13 4//13
f  2//14 12//14 3//14
f  3//15 12//15 14//15
f  14//16 12//12 15//16
f  14//17 1//17 3//17
f  1//18 14//18 6//18
f  6//19 14//19 16//19
f  16//20 14//16 17//20
f  16//21 7//21 6//21
f  7//22 16//22 8//22
f  8//23 16//23 9//23
f  9//24 16//24 10//24
f  10//25 16//25 18//25
f  10//26 18//26 11//26
f  11//27 18//27 19//27
f  11//27 19//27 20//28
f  17//20 18//29 16//20
f  18//29 17//20 19//30
f  19//30 17//20 20//31
f  20//31 17//20 11//12
f  11//12 17//20 13//12
f  13//12 17//20 14//16
f  13//12 14//16 15//16
f  13//12 15//16 12//12
f  21//32 22//32 23//32
f  22//33 21//33 24//33
f  22//34 24//34 25//34
f  26//35 27//35 28//35
f  27//36 26//36 25//36
f  25//37 26//37 22//37
f  22//38 26//38 29//38
f  22//38 29//38 30//39
f  31//40 22//40 30//40
f  22//41 31//41 23//41
f  23//42 31//42 32//42
f  32//43 31//43 33//43
f  32//44 21//44 23//44
f  21//44 32//44 34//44
f  34//45 24//45 21//45
f  24//46 34//46 25//46
f  25//47 34//47 27//47
f  27//48 34//48 28//48
f  28//49 34//49 35//49
f  28//50 35//50 36//50
f  36//51 35//51 37//51
f  36//51 37//51 38//52
f  36//53 26//53 28//53
f  26//54 36//54 29//54
f  29//55 36//55 30//55
f  30//56 36//56 39//56
f  30//57 39//57 31//57
f  31//43 39//58 40//58
f  38//59 39//59 36//59
f  39//59 38//59 40//60
f  40//60 38//59 31//61
f  31//61 38//59 33//62
f  33//62 38//59 37//63
f  33//62 37//63 35//64
f  33//62 35//64 32//65
f  32//65 35//64 34//66
f  41//67 42//67 43//67
f  42//68 41//68 44//68
f  42//69 44//69 45//69
f  42//70 45//70 46//70
f  46//71 45//71 47//71
f  47//72 45//72 48//72
f  31//73 47//73 48//73
f  47//74 31//74 46//74
f  46//75 31//75 16//75
f  16//20 31//61 49//76
f  16//77 42//77 46//77
f  42//78 16//78 43//78
f  43//79 16//79 14//79
f  14//80 16//80 17//80
f  41//81 32//81 44//81
f  32//82 41//82 43//82
f  32//83 43//83 14//15
f  32//65 14//16 50//84
f  45//85 31//85 48//85
f  31//86 45//86 44//86
f  31//87 44//87 33//87
f  33//88 44//88 32//88
f  17//20 50//84 14//16
f  50//84 17//20 32//65
f  32//65 17//20 33//62
f  33//62 17//20 16//20
f  33//62 16//20 49//76
f  33//62 49//76 31//61

