# File produced by Open Asset Import Library (http://www.assimp.sf.net)
# (assimp v3.1.0)

mtllib ID_12588.obj.mtl

# 46 vertex positions
v  15.456 11.314 -0.693
v  7.945 11.61 4.401
v  15.673 11.314 4.054
v  7.727 11.61 -0.347
v  0.052 11.314 1.131
v  0 11.314 6.92783e-16
v  0.158 11.314 3.45
v  0.218 11.314 4.747
v  0 0 0
v  0.218 -2.9067e-16 4.747
v  0.052 -6.92538e-17 1.131
v  0.158 -2.11252e-16 3.45
v  15.673 -2.48236e-16 4.054
v  7.945 -2.69484e-16 4.401
v  15.456 4.2434e-17 -0.693
v  7.727 2.12476e-17 -0.347
v  0.265 12.993 5.768
v  7.945 13.48 4.401
v  0.218 13.48 4.747
v  0.356 12.04 7.762
v  8.083 12.04 7.416
v  15.673 13.48 4.054
v  15.718 13.008 5.043
v  15.811 12.04 7.069
v  0.356 -4.75285e-16 7.762
v  15.811 -4.32851e-16 7.069
v  8.083 -4.54099e-16 7.416
v  15.718 -3.08795e-16 5.043
v  0.265 -3.53188e-16 5.768
v  8.083 11.61 7.416
v  15.829 11.314 7.471
v  15.811 11.314 7.069
v  16.079 11.314 12.968
v  8.353 11.61 13.314
v  0.375 11.314 8.171
v  0.356 11.314 7.762
v  0.48 11.314 10.463
v  0.586 11.314 12.777
v  0.626 11.314 13.661
v  0.626 -8.36495e-16 13.661
v  16.079 -7.94061e-16 12.968
v  8.353 -8.15247e-16 13.314
v  15.829 -4.57467e-16 7.471
v  0.375 -5.00329e-16 8.171
v  0.48 -6.40674e-16 10.463
v  0.586 -7.82366e-16 12.777

# 0 UV coordinates

# 73 vertex normals
vn 0.0381958 0.999269 -0.00174605
vn 0.0381908 0.999269 -0.00175349
vn -0.0382003 0.999269 0.00175633
vn -0.0382007 0.999269 0.00175395
vn -0.0381974 0.999269 0.00174598
vn -0.0382 0.999269 0.00176714
vn -0.998945 -2.81231e-18 0.0459285
vn -0.998957 2.67278e-05 0.0456617
vn -0.998932 -0.000141185 0.0462112
vn -0.998947 0 0.0458754
vn 0 -1 -6.12266e-17
vn 4.78949e-20 1 6.12301e-17
vn 0.0447332 -0 0.998999
vn 0.0448534 -8.01753e-05 0.998994
vn 0.0447948 0 0.998996
vn -2.68863e-21 1 6.11716e-17
vn 0.998957 0 -0.0456654
vn -0.0447217 0 -0.998999
vn -0.0448588 -9.1439e-05 -0.998993
vn -0.044792 6.11709e-17 -0.998996
vn 0 1 6.12351e-17
vn -2.70025e-24 -1 -6.12323e-17
vn -3.59911e-25 -1 -6.12323e-17
vn -3.19299e-20 -1 -6.12316e-17
vn 0.0192418 0.90276 0.429715
vn 0.0193875 0.902423 0.430414
vn 0.0192627 0.902537 0.430181
vn 0.0193157 0.902537 0.430178
vn 0.0191784 0.902662 0.429922
vn 0.0193215 0.902476 0.430306
vn 0.0447333 -0 0.998999
vn 0.0448565 -7.92443e-05 0.998993
vn 0.0447949 0 0.998996
vn -1.34492e-21 1 6.12029e-17
vn 0.998966 0 -0.0454535
vn 0.998949 2.94935e-05 -0.0458407
vn 0.998954 0 -0.0457231
vn -1.64131e-20 -1 -6.12311e-17
vn -0.0448565 0 -0.998993
vn -0.0447332 7.08229e-05 -0.998999
vn -0.0447948 -0 -0.998996
vn -0.998942 0 0.0459846
vn -0.99896 2.99869e-05 0.0456038
vn -0.998954 0 0.0457233
vn 1.31213e-19 -1 -6.12394e-17
vn -2.95249e-24 -1 -6.12323e-17
vn 0.0381974 0.999269 -0.00171039
vn 0.0381976 0.999269 -0.0017372
vn 0.0382058 0.999268 -0.00174899
vn -0.0381997 0.999269 0.00177456
vn -0.0382022 0.999269 0.00174883
vn -0.0382031 0.999268 0.00175013
vn -0.038203 0.999269 0.00175002
vn -0.0382015 0.999269 0.00172856
vn 0.0448623 -0 0.998993
vn 0.044742 8.01881e-05 0.998999
vn 0.0448006 0 0.998996
vn -2.24052e-21 -1 -6.12827e-17
vn 0.998967 0 -0.0454324
vn 0.998999 0.000340623 -0.0447327
vn 0.99897 0 -0.0453847
vn -2.47495e-19 -1 -6.12214e-17
vn -0.0448565 0 -0.998993
vn -0.0447363 8.01467e-05 -0.998999
vn -0.0447949 -0 -0.998996
vn -0.998923 0 0.0464048
vn -0.998952 2.32314e-05 0.0457635
vn -0.998952 2.40335e-05 0.0457602
vn -0.998978 0.000271695 0.0452026
vn -0.998954 0 0.0457226
vn -1.28257e-19 -1 -6.12306e-17
vn 1.82884e-19 -1 -6.12406e-17
vn -2.3136e-20 -1 -6.12308e-17

# Mesh 'defaultobject' with 92 faces
g defaultobject
usemtl DefaultMaterial
f  1//1 2//1 3//1
f  2//1 1//1 4//2
f  5//3 4//3 6//3
f  4//3 5//3 2//4
f  2//4 5//5 7//5
f  2//6 7//6 8//6
f  9//7 5//7 6//7
f  5//8 9//8 7//8
f  7//9 9//9 8//9
f  8//10 9//10 10//10
f  10//11 9//11 11//11
f  10//12 11//12 12//12
f  10//13 2//13 8//13
f  2//14 10//14 3//14
f  3//15 10//15 13//15
f  13//16 10//12 14//16
f  13//17 1//17 3//17
f  1//17 13//17 15//17
f  15//18 4//18 1//18
f  4//19 15//19 6//19
f  6//20 15//20 9//20
f  9//21 15//21 16//21
f  14//22 15//22 13//22
f  15//22 14//22 16//23
f  16//23 14//22 10//11
f  16//23 10//11 11//11
f  16//23 11//11 9//11
f  11//11 10//11 12//24
f  17//25 18//25 19//25
f  18//26 17//26 20//26
f  18//27 20//27 21//27
f  18//28 21//28 22//28
f  22//29 21//29 23//29
f  23//30 21//30 24//30
f  25//31 21//31 20//31
f  21//32 25//32 24//32
f  24//33 25//33 26//33
f  26//34 25//34 27//34
f  23//35 13//35 22//35
f  13//36 23//36 24//36
f  13//37 24//37 26//37
f  13//22 26//38 28//38
f  13//39 18//39 22//39
f  18//40 13//40 19//40
f  19//41 13//41 10//41
f  10//11 13//22 14//22
f  10//42 17//42 19//42
f  17//43 10//43 20//43
f  20//44 10//44 25//44
f  25//45 10//11 29//45
f  27//46 28//38 26//38
f  28//38 27//46 13//22
f  13//22 27//46 14//22
f  14//22 27//46 25//45
f  14//22 25//45 29//45
f  14//22 29//45 10//11
f  30//47 31//47 32//47
f  31//48 30//48 33//48
f  33//49 30//49 34//49
f  35//50 30//50 36//50
f  30//51 35//51 34//51
f  34//51 35//51 37//52
f  34//51 37//52 38//53
f  34//54 38//54 39//54
f  40//55 34//55 39//55
f  34//56 40//56 33//56
f  33//57 40//57 41//57
f  41//58 40//58 42//58
f  41//59 31//59 33//59
f  31//60 41//60 32//60
f  32//61 41//61 26//61
f  26//38 41//58 43//62
f  26//63 30//63 32//63
f  30//64 26//64 36//64
f  36//65 26//65 25//65
f  25//45 26//38 27//46
f  25//66 35//66 36//66
f  35//67 25//67 37//67
f  37//67 25//67 38//68
f  38//69 25//69 39//69
f  39//70 25//44 40//70
f  40//58 25//45 44//71
f  40//58 44//71 45//72
f  40//58 45//72 46//73
f  27//46 44//71 25//45
f  44//71 27//46 45//72
f  45//72 27//46 46//73
f  46//73 27//46 40//58
f  40//58 27//46 42//58
f  42//58 27//46 26//38
f  42//58 26//38 43//62
f  42//58 43//62 41//58

