# File produced by Open Asset Import Library (http://www.assimp.sf.net)
# (assimp v3.1.0)

mtllib ID_5364.obj.mtl

# 18 vertex positions
v  12.102 9.722 4.568
v  34.283 9.722 1.81
v  15.775 9.722 -5.171
v  30.608 9.722 11.553
v  30.608 -7.07417e-16 11.553
v  34.283 -1.10831e-16 1.81
v  15.775 3.16632e-16 -5.171
v  12.102 -2.79709e-16 4.568
v  1.892 12.626 -5.023
v  3.913 12.626 -9.645
v  3.668 12.626 -9.737
v  15.775 12.626 -5.171
v  0 12.626 7.7312e-16
v  12.102 12.626 4.568
v  3.913 5.90586e-16 -9.645
v  3.668 5.96219e-16 -9.737
v  0 0 0
v  1.892 3.0757e-16 -5.023

# 0 UV coordinates

# 18 vertex normals
vn 0 1 0
vn 0.935653 -0 0.352923
vn 0.352918 0 -0.935654
vn -0.935668 0 -0.352881
vn -0.353128 0 0.935575
vn 1.02808e-24 -1 -6.12323e-17
vn 5.14249e-25 -1 -6.12323e-17
vn 0.352904 0 -0.93566
vn 0.351539 0 -0.936173
vn -0.93579 0 -0.352559
vn -0.935815 -2.89324e-05 -0.352491
vn -0.935803 2.15859e-17 -0.352524
vn 1.08104e-19 1 6.12947e-17
vn -0.353139 -5.72872e-17 0.935571
vn -0.353139 0 0.935571
vn 0.935668 -0 0.352881
vn -3.11215e-22 -1 -6.12325e-17
vn -1.61972e-24 -1 -6.12323e-17

# Mesh 'defaultobject' with 32 faces
g defaultobject
usemtl DefaultMaterial
f  1//1 2//1 3//1
f  2//1 1//1 4//1
f  5//2 2//2 4//2
f  2//2 5//2 6//2
f  6//3 3//3 2//3
f  3//3 6//3 7//3
f  7//4 1//4 3//4
f  1//4 7//4 8//4
f  8//5 4//5 1//5
f  4//5 8//5 5//5
f  8//6 6//6 5//6
f  6//6 8//6 7//7
f  9//1 10//1 11//1
f  10//1 9//1 12//1
f  12//1 9//1 13//1
f  12//1 13//1 14//1
f  7//8 10//8 12//8
f  10//8 7//8 15//8
f  10//9 15//9 11//9
f  11//9 15//9 16//9
f  16//10 9//10 11//10
f  9//11 16//11 13//11
f  13//12 16//12 17//12
f  17//13 16//13 18//13
f  17//14 14//14 13//14
f  14//14 17//14 8//15
f  8//16 12//16 14//16
f  12//16 8//16 7//16
f  15//17 18//17 16//17
f  18//17 15//17 7//7
f  18//17 7//7 17//18
f  17//18 7//7 8//6

