# File produced by Open Asset Import Library (http://www.assimp.sf.net)
# (assimp v3.1.0)

mtllib ID_662.obj.mtl

# 64 vertex positions
v  2.486 10.022 47.96
v  2.13 10.022 43.939
v  2.325 10.022 47.968
v  35.318 10.022 42.337
v  6.404 10.022 47.77
v  17.061 10.022 47.252
v  20.779 10.022 47.071
v  31.449 10.022 46.553
v  32.675 10.022 46.493
v  35.515 10.022 46.355
v  2.325 -2.93719e-15 47.968
v  2.486 -2.9367e-15 47.96
v  6.404 -2.92507e-15 47.77
v  17.061 -2.89335e-15 47.252
v  20.779 -2.88227e-15 47.071
v  31.449 -2.85055e-15 46.553
v  35.515 -2.83843e-15 46.355
v  32.675 -2.84688e-15 46.493
v  35.318 -2.59239e-15 42.337
v  2.13 -2.69049e-15 43.939
v  33.751 9.986 10.39
v  0.797 9.986 16.445
v  33.97 9.986 14.843
v  0.581 9.986 11.992
v  0.581 -7.34298e-16 11.992
v  0.797 -1.00697e-15 16.445
v  33.97 -9.08872e-16 14.843
v  33.751 -6.36204e-16 10.39
v  34.55 10.008 26.674
v  1.587 10.008 32.745
v  34.769 10.008 31.143
v  1.371 10.008 28.276
v  1.371 -1.73141e-15 28.276
v  1.587 -2.00505e-15 32.745
v  34.769 -1.90696e-15 31.143
v  34.55 -1.63331e-15 26.674
v  1.371 7.428 28.276
v  33.97 7.428 14.843
v  0.797 7.428 16.445
v  34.001 7.428 15.484
v  35.068 7.428 15.432
v  34.206 7.428 19.671
v  35.298 7.428 19.617
v  34.55 7.428 26.674
v  34.206 -1.2045e-15 19.671
v  35.298 -1.20119e-15 19.617
v  35.068 -9.44938e-16 15.432
v  34.001 -9.48122e-16 15.484
v  34.769 7.421 31.143
v  2.13 7.421 43.939
v  35.318 7.421 42.337
v  1.587 7.421 32.745
v  33.163 7.438 -1.601
v  0.581 7.438 11.992
v  33.751 7.438 10.39
v  26.209 7.438 -1.265
v  3.424 7.438 -0.165
v  0.173 7.438 -0.008
v  0 7.438 4.55446e-16
v  0 0 0
v  33.163 9.8033e-17 -1.601
v  26.209 7.74589e-17 -1.265
v  3.424 1.01033e-17 -0.165
v  0.173 4.89859e-19 -0.008

# 0 UV coordinates

# 64 vertex normals
vn 0 1 0
vn 0.0496246 -0 0.998768
vn 0.0484369 1.91275e-05 0.998826
vn 0.0485494 -2.67715e-05 0.998821
vn 0.0496246 -0.00161156 0.998767
vn 0.0484369 0.000119912 0.998826
vn 0.0485494 0 0.998821
vn 0.0486245 0 0.998817
vn 0.04849 4.9995e-05 0.998824
vn 0.0486244 -0.000143476 0.998817
vn 0.04849 0 0.998824
vn 0.0488823 0 0.998805
vn 0.0485345 4.26494e-05 0.998821
vn 0.0486393 0 0.998816
vn -2.38216e-21 -1 -6.12828e-17
vn 0.9988 0 -0.0489702
vn -0.0482142 0 -0.998837
vn -0.998831 0 0.0483425
vn 7.89985e-24 -1 -6.12323e-17
vn -2.32323e-22 -1 -6.12337e-17
vn 5.19578e-23 -1 -6.12321e-17
vn -2.96014e-23 -1 -6.12325e-17
vn 5.5479e-23 -1 -6.12322e-17
vn -0.998826 0 0.0484497
vn 0.048236 -0 0.998836
vn 0.998793 0 -0.0491214
vn -0.0482404 0 -0.998836
vn 3.57574e-25 -1 -6.12324e-17
vn 2.50271e-24 -1 -6.12323e-17
vn -0.998834 0 0.0482766
vn 0.048223 -0 0.998837
vn 0.998801 0 -0.0489459
vn -0.0482273 0 -0.998836
vn -7.12401e-25 -1 -6.12323e-17
vn 3.56157e-24 -1 -6.12323e-17
vn 0.998796 0 -0.0490624
vn 0.998493 0 -0.0548753
vn 0.998833 0 -0.0483027
vn 0.0493893 -0 0.99878
vn 0.0482273 -0 0.998836
vn -0.048677 0 -0.998815
vn -0.048236 0 -0.998836
vn -0.998825 0 0.0484596
vn -9.0921e-25 -1 -6.12323e-17
vn -4.56231e-24 -1 -6.12324e-17
vn 1.14083e-22 -1 -6.12323e-17
vn -0.998826 0 0.0484512
vn 0.0482142 -0 0.998837
vn 0.9988 0 -0.0489852
vn -0.048223 0 -0.998837
vn -0.998828 -2.96317e-18 0.0483922
vn -0.998828 0 0.0483922
vn 0.0482404 -0 0.998836
vn 0.9988 0 -0.048978
vn -0.0482612 0 -0.998835
vn -0.0482212 -0 -0.998837
vn -0.0482366 -0 -0.998836
vn -0.0461934 -0 -0.998933
vn -0.0461934 6.1167e-17 -0.998933
vn 2.12446e-24 -1 -6.12323e-17
vn -2.04847e-22 -1 -6.12329e-17
vn 0 -1 -6.12323e-17
vn 1.0134e-23 -1 -6.12323e-17
vn -5.79206e-21 -1 -6.13496e-17

# Mesh 'defaultobject' with 124 faces
g defaultobject
usemtl DefaultMaterial
f  1//1 2//1 3//1
f  2//1 1//1 4//1
f  4//1 1//1 5//1
f  4//1 5//1 6//1
f  4//1 6//1 7//1
f  4//1 7//1 8//1
f  4//1 8//1 9//1
f  4//1 9//1 10//1
f  11//2 1//2 3//2
f  1//3 11//3 5//3
f  5//4 11//4 6//4
f  6//5 11//5 12//5
f  6//6 12//6 13//6
f  6//7 13//7 14//7
f  6//8 14//8 7//8
f  7//9 14//9 8//9
f  8//10 14//10 15//10
f  8//11 15//11 16//11
f  8//12 16//12 9//12
f  9//13 16//13 10//13
f  10//14 16//14 17//14
f  17//15 16//15 18//15
f  17//16 4//16 10//16
f  4//16 17//16 19//16
f  19//17 2//17 4//17
f  2//17 19//17 20//17
f  20//18 3//18 2//18
f  3//18 20//18 11//18
f  19//19 11//19 20//19
f  11//19 19//19 12//20
f  12//20 19//19 13//21
f  13//21 19//19 14//22
f  14//22 19//19 15//23
f  15//23 19//19 16//15
f  16//15 19//19 18//15
f  18//15 19//19 17//15
f  21//1 22//1 23//1
f  22//1 21//1 24//1
f  25//24 22//24 24//24
f  22//24 25//24 26//24
f  26//25 23//25 22//25
f  23//25 26//25 27//25
f  27//26 21//26 23//26
f  21//26 27//26 28//26
f  28//27 24//27 21//27
f  24//27 28//27 25//27
f  28//28 26//28 25//28
f  26//28 28//28 27//29
f  29//1 30//1 31//1
f  30//1 29//1 32//1
f  33//30 30//30 32//30
f  30//30 33//30 34//30
f  34//31 31//31 30//31
f  31//31 34//31 35//31
f  35//32 29//32 31//32
f  29//32 35//32 36//32
f  36//33 32//33 29//33
f  32//33 36//33 33//33
f  36//34 34//34 33//34
f  34//34 36//34 35//35
f  37//1 38//1 39//1
f  38//1 37//1 40//1
f  40//1 37//1 41//1
f  41//1 37//1 42//1
f  41//1 42//1 43//1
f  42//1 37//1 44//1
f  36//36 42//36 44//36
f  42//36 36//36 45//36
f  46//37 41//37 43//37
f  41//37 46//37 47//37
f  48//38 38//38 40//38
f  38//38 48//38 27//38
f  45//39 43//39 42//39
f  43//39 45//39 46//39
f  33//40 44//40 37//40
f  44//40 33//40 36//40
f  47//41 40//41 41//41
f  40//41 47//41 48//41
f  27//42 39//42 38//42
f  39//42 27//42 26//42
f  26//24 37//43 39//43
f  37//43 26//24 33//43
f  33//34 45//44 36//34
f  45//44 33//34 48//45
f  48//45 33//34 27//29
f  27//29 33//34 26//28
f  45//44 47//46 46//46
f  47//46 45//44 48//45
f  49//1 50//1 51//1
f  50//1 49//1 52//1
f  34//47 50//47 52//47
f  50//47 34//47 20//47
f  20//48 51//48 50//48
f  51//48 20//48 19//48
f  19//49 49//49 51//49
f  49//49 19//49 35//49
f  35//50 52//50 49//50
f  52//50 35//50 34//50
f  35//35 20//19 34//34
f  20//19 35//35 19//19
f  53//1 54//1 55//1
f  54//1 53//1 56//1
f  54//1 56//1 57//1
f  54//1 57//1 58//1
f  54//1 58//1 59//1
f  60//51 54//51 59//51
f  54//51 60//51 25//52
f  25//53 55//53 54//53
f  55//53 25//53 28//53
f  28//54 53//54 55//54
f  53//54 28//54 61//54
f  61//55 56//55 53//55
f  56//55 61//55 62//55
f  56//56 62//56 57//56
f  57//56 62//56 63//56
f  57//57 63//57 58//57
f  58//57 63//57 64//57
f  58//58 64//58 59//58
f  59//58 64//58 60//59
f  60//60 28//28 25//28
f  28//28 60//60 64//61
f  28//28 64//61 62//62
f  28//28 62//62 61//63
f  62//62 64//61 63//64

