# File produced by Open Asset Import Library (http://www.assimp.sf.net)
# (assimp v3.1.0)

mtllib ID_12783.obj.mtl

# 35 vertex positions
v  8.934 9.69 -3.193
v  17.499 8.399 7.479
v  13.209 8.399 -4.699
v  13.224 9.69 8.985
v  13.224 -5.50173e-16 8.985
v  17.499 -4.57957e-16 7.479
v  13.209 2.87731e-16 -4.699
v  8.934 1.95515e-16 -3.193
v  7.653 5.21 -6.526
v  4.379 6.713 -1.695
v  8.806 5.21 -3.254
v  3.226 6.713 -4.967
v  1.195 5.632 -0.574
v  0.042 5.632 -3.845
v  1.195 3.51474e-17 -0.574
v  8.806 1.9925e-16 -3.254
v  4.379 1.03789e-16 -1.695
v  7.653 3.99602e-16 -6.526
v  3.226 3.04141e-16 -4.967
v  0.042 2.35438e-16 -3.845
v  4.275 9.286 12.137
v  1.243 9.611 -0.438
v  0 9.287 5.68665e-16
v  4.379 10.443 -1.695
v  8.702 10.443 10.577
v  1.195 9.611 -0.574
v  8.934 9.262 -3.193
v  13.224 9.262 8.985
v  8.839 9.287 -3.16
v  8.806 9.287 -3.254
v  1.243 2.68198e-17 -0.438
v  0 0 0
v  8.839 1.93494e-16 -3.16
v  4.275 -7.43177e-16 12.137
v  8.702 -6.47654e-16 10.577

# 0 UV coordinates

# 52 vertex normals
vn 0.258373 0.961748 -0.0910181
vn 0.258373 0.961748 -0.0910181
vn 0.332266 -0 0.943186
vn 0.943187 0 -0.332261
vn -0.332266 0 -0.943186
vn -0.332266 0 -0.943186
vn -0.943187 0 0.332261
vn 0 -1 -6.12323e-17
vn 0 -1 -6.12324e-17
vn 0.287639 0.95236 -0.101359
vn 0.287639 0.95236 -0.101359
vn -0.287612 0.952366 0.101381
vn -0.287648 0.952357 0.101362
vn 0.332092 -0 0.943247
vn 0.332153 -3.25358e-05 0.943226
vn 0.332133 0 0.943233
vn -4.44445e-20 1 6.11556e-17
vn 0.943155 0 -0.332353
vn -0.332162 0 -0.943222
vn -0.33232 -0.000116733 -0.943167
vn -0.332163 0.000122485 -0.943222
vn -0.332355 -0 -0.943154
vn -0.943123 0 0.332443
vn 3.25128e-24 -1 -6.12323e-17
vn -3.25128e-24 -1 -6.12323e-17
vn 0 -1 -6.12323e-17
vn 9.0429e-24 -1 -6.12323e-17
vn -0.22515 0.971085 0.0793843
vn -0.225723 0.970941 0.0795187
vn -0.225734 0.970938 0.0795184
vn -0.225671 0.970942 0.0796488
vn 0.225606 0.970971 -0.0794754
vn 0.227801 0.970465 -0.079395
vn 0.22557 0.970981 -0.0794607
vn 0.225651 0.970982 -0.0792187
vn -0.332163 0 -0.943222
vn -0.332099 3.03959e-05 -0.943245
vn -0.332133 -0 -0.943233
vn -0.332344 0 -0.943158
vn -0.332344 5.77518e-17 -0.943158
vn -0.328134 0 -0.944631
vn -0.328134 0 -0.944631
vn -0.94299 0 0.332821
vn -0.943201 -2.03428e-17 0.332222
vn -0.943201 0 0.332222
vn 0.332352 -0 0.943155
vn 0.332105 0.000117589 0.943242
vn 0.332214 0 0.943204
vn -1.61911e-20 -1 -6.12752e-17
vn 0.943188 0 -0.332261
vn 0.943545 0 -0.331245
vn 0 -1 -6.12323e-17

# Mesh 'defaultobject' with 68 faces
g defaultobject
usemtl DefaultMaterial
f  1//1 2//1 3//1
f  2//1 1//1 4//2
f  5//3 2//3 4//3
f  2//3 5//3 6//3
f  6//4 3//4 2//4
f  3//4 6//4 7//4
f  3//5 8//5 1//5
f  8//5 3//5 7//6
f  8//7 4//7 1//7
f  4//7 8//7 5//7
f  8//8 6//8 5//8
f  6//8 8//8 7//9
f  9//10 10//10 11//10
f  10//10 9//10 12//11
f  13//12 12//12 14//12
f  12//13 13//13 10//13
f  15//14 10//14 13//14
f  10//15 15//15 11//15
f  11//16 15//16 16//16
f  16//17 15//17 17//17
f  16//18 9//18 11//18
f  9//18 16//18 18//18
f  18//19 12//19 9//19
f  12//20 18//20 14//20
f  14//21 18//21 19//21
f  14//22 19//22 20//22
f  20//23 13//23 14//23
f  13//23 20//23 15//23
f  17//24 18//24 16//24
f  18//24 17//24 19//25
f  19//25 17//24 15//26
f  19//25 15//26 20//27
f  21//28 22//28 23//28
f  22//29 21//29 24//29
f  24//30 21//30 25//30
f  24//31 26//31 22//31
f  27//32 25//32 28//32
f  25//33 27//33 29//33
f  25//34 29//34 24//34
f  24//35 29//35 30//35
f  16//36 24//36 30//36
f  24//37 16//37 26//37
f  26//38 16//38 15//38
f  15//26 16//24 17//24
f  31//39 23//39 22//39
f  23//39 31//39 32//40
f  27//41 33//41 29//41
f  33//41 27//41 8//42
f  15//43 22//43 26//43
f  22//43 15//43 31//43
f  32//44 21//44 23//44
f  21//44 32//44 34//45
f  34//46 25//46 21//46
f  25//47 34//47 28//47
f  28//48 34//48 5//48
f  5//8 34//49 35//49
f  5//50 27//50 28//50
f  27//50 5//50 8//50
f  33//51 30//51 29//51
f  30//51 33//51 16//51
f  32//52 35//49 34//49
f  35//49 32//52 31//52
f  35//49 31//52 15//26
f  35//49 15//26 17//24
f  35//49 17//24 5//8
f  5//8 17//24 33//26
f  33//26 17//24 16//24
f  8//8 5//8 33//26

