# File produced by Open Asset Import Library (http://www.assimp.sf.net)
# (assimp v3.1.0)

mtllib ID_21604.obj.mtl

# 32 vertex positions
v  7.713 5.03 9.877
v  14 5.03 11.15
v  12.685 5.03 7.878
v  9.1 5.03 13.12
v  7.713 -6.04792e-16 9.877
v  9.1 -8.03368e-16 13.12
v  14 -6.82741e-16 11.15
v  12.685 -4.82388e-16 7.878
v  1.22 8.181 -1.6
v  6.624 8.181 7.788
v  2.623 8.181 -2.164
v  0.59 8.181 -0.51
v  0 8.181 5.00942e-16
v  2.7 8.181 6.4
v  3.78 8.181 8.96
v  5.953 8.181 8.065
v  0 0 0
v  2.7 -3.91887e-16 6.4
v  3.78 -5.48642e-16 8.96
v  6.624 -4.76877e-16 7.788
v  5.953 -4.93839e-16 8.065
v  2.623 1.32507e-16 -2.164
v  1.22 9.79717e-17 -1.6
v  0.59 3.12285e-17 -0.51
v  7.81 8.21 -4.25
v  7.713 8.21 9.877
v  12.685 8.21 7.878
v  6.79 8.21 7.72
v  6.624 8.21 7.788
v  2.623 8.21 -2.164
v  6.79 -4.72714e-16 7.72
v  7.81 2.60237e-16 -4.25

# 0 UV coordinates

# 34 vertex normals
vn -0 1 0
vn -0.919438 0 0.393235
vn 0.373022 -0 0.927822
vn 0.927869 0 -0.372906
vn -0.373031 0 -0.927819
vn 1.96106e-23 -1 -6.12323e-17
vn -8.52793e-24 -1 -6.12324e-17
vn -0.921364 -2.3801e-17 0.3887
vn -0.921364 2.09776e-08 0.3887
vn -0.921364 0 0.3887
vn -0.921364 0 0.3887
vn 0.380836 -0 0.924643
vn 0.38158 -0.000231461 0.924336
vn 0.381011 0 0.92457
vn 6.49901e-20 1 6.13891e-17
vn 0.927826 0 -0.373014
vn -0.372986 0 -0.927837
vn -0.865789 0 -0.50041
vn -0.653954 0 -0.756535
vn -0.653954 4.63244e-17 -0.756535
vn -2.02694e-23 -1 -6.12323e-17
vn 6.06565e-23 -1 -6.12325e-17
vn 6.32147e-24 -1 -6.12323e-17
vn 0 -1 -6.12323e-17
vn 0 -1 -6.12323e-17
vn 5.6369e-24 -1 -6.12323e-17
vn 0.379066 -0 0.925369
vn 0.373031 -0 0.927819
vn -0.919365 0 0.393405
vn 0.927847 0 -0.37296
vn -0.373117 0 -0.927784
vn -0.927826 0 0.373014
vn 1.66273e-23 -1 -6.12323e-17
vn 0 -1 -6.12323e-17

# Mesh 'defaultobject' with 60 faces
g defaultobject
usemtl DefaultMaterial
f  1//1 2//1 3//1
f  2//1 1//1 4//1
f  5//2 4//2 1//2
f  4//2 5//2 6//2
f  6//3 2//3 4//3
f  2//3 6//3 7//3
f  7//4 3//4 2//4
f  3//4 7//4 8//4
f  8//5 1//5 3//5
f  1//5 8//5 5//5
f  8//6 6//6 5//6
f  6//6 8//6 7//7
f  9//1 10//1 11//1
f  10//1 9//1 12//1
f  10//1 12//1 13//1
f  10//1 13//1 14//1
f  10//1 14//1 15//1
f  10//1 15//1 16//1
f  17//8 14//8 13//8
f  14//8 17//8 15//9
f  15//9 17//8 18//10
f  15//9 18//10 19//11
f  19//12 16//12 15//12
f  16//13 19//13 10//13
f  10//14 19//14 20//14
f  20//15 19//15 21//15
f  20//16 11//16 10//16
f  11//16 20//16 22//16
f  22//17 9//17 11//17
f  9//17 22//17 23//17
f  23//18 12//18 9//18
f  12//18 23//18 24//18
f  24//19 13//19 12//19
f  13//19 24//19 17//20
f  18//21 21//21 19//21
f  21//21 18//21 20//22
f  20//22 18//21 22//23
f  22//23 18//21 17//24
f  22//23 17//24 24//25
f  22//23 24//25 23//26
f  25//1 26//1 27//1
f  26//1 25//1 28//1
f  28//1 25//1 29//1
f  29//1 25//1 30//1
f  20//27 28//27 29//27
f  28//27 20//27 31//27
f  5//28 27//28 26//28
f  27//28 5//28 8//28
f  31//29 26//29 28//29
f  26//29 31//29 5//29
f  8//30 25//30 27//30
f  25//30 8//30 32//30
f  32//31 30//31 25//31
f  30//31 32//31 22//31
f  22//32 29//32 30//32
f  29//32 22//32 20//32
f  5//6 32//33 8//6
f  32//33 5//6 31//34
f  32//33 31//34 20//22
f  32//33 20//22 22//23

