# File produced by Open Asset Import Library (http://www.assimp.sf.net)
# (assimp v3.1.0)

mtllib _13584.obj.mtl

# 19 vertex positions
v  9.566 20.455 2.682
v  19.203 18.458 2.985
v  11.457 18.458 -8.055
v  12.881 20.455 7.407
v  11.443 18.452 -8.075
v  0 18.467 1.13078e-15
v  0.797 18.826 1.137
v  2.403 18.826 3.428
v  1.277 18.459 4.29
v  6.553 18.456 11.833
v  1.277 -2.62687e-16 4.29
v  6.553 -7.24562e-16 11.833
v  2.403 -2.09904e-16 3.428
v  0 0 0
v  0.797 -6.96212e-17 1.137
v  19.203 -1.82779e-16 2.985
v  12.881 -4.53548e-16 7.407
v  11.443 4.94451e-16 -8.075
v  11.457 4.93226e-16 -8.055

# 0 UV coordinates

# 32 vertex normals
vn 0.205136 0.968093 -0.143929
vn 0.205136 0.968094 -0.143921
vn -0.126391 0.971016 -0.202862
vn -0.143623 0.968098 -0.205325
vn -0.143747 0.968163 -0.20493
vn -0.205183 0.968097 0.143834
vn -0.205136 0.968054 0.144191
vn -0.205198 0.968082 0.143912
vn -0.205149 0.96809 0.14393
vn -0.819441 0 0.573163
vn -0.818846 -9.44722e-05 0.574014
vn -0.81885 0 0.574007
vn -0.81885 0 0.574007
vn 0 1 6.10623e-17
vn 0.573149 -0 0.819451
vn 0.573165 -7.17875e-06 0.81944
vn 0.573158 0 0.819445
vn 3.39518e-19 1 6.16225e-17
vn 0.818604 0 -0.574358
vn 0.819132 0.00067128 -0.573605
vn 0.818606 0 -0.574356
vn 1.06409e-18 -1 -6.19815e-17
vn -0.576568 0 -0.817049
vn -0.576568 0 -0.817049
vn -0.607869 0 -0.794037
vn -0.607869 -0 -0.794037
vn -8.12897e-22 -1 -6.12335e-17
vn 1.02016e-24 -1 -6.12323e-17
vn 0 -1 -6.12323e-17
vn -3.0054e-24 -1 -6.12323e-17
vn -1.95893e-24 -1 -6.12323e-17
vn -5.958e-24 -1 -6.12323e-17

# Mesh 'defaultobject' with 34 faces
g defaultobject
usemtl DefaultMaterial
f  1//1 2//1 3//1
f  2//1 1//1 4//2
f  1//3 3//3 5//3
f  6//4 1//4 5//4
f  1//5 6//5 7//5
f  8//6 1//6 7//6
f  1//7 8//7 9//7
f  1//8 9//8 10//8
f  1//9 10//9 4//9
f  11//10 10//10 9//10
f  10//10 11//10 12//10
f  6//11 8//11 7//11
f  8//12 6//12 13//12
f  13//12 6//12 14//13
f  13//14 14//14 15//14
f  12//15 4//15 10//15
f  4//16 12//16 2//16
f  2//17 12//17 16//17
f  16//18 12//18 17//18
f  16//19 3//19 2//19
f  3//20 16//20 5//20
f  5//21 16//19 18//21
f  18//22 16//22 19//22
f  5//23 14//23 6//23
f  14//23 5//23 18//24
f  13//25 9//25 8//25
f  9//25 13//25 11//26
f  19//22 14//27 18//22
f  14//27 19//22 16//22
f  14//27 16//22 17//28
f  14//27 17//28 15//29
f  15//29 17//28 13//30
f  13//30 17//28 11//31
f  11//31 17//28 12//32

