# {"id":"ID_8256","idOriginal":"ID_8256","origin":[14.307939217024606,48.25060601535571],"elevation":258.799}
# Longitude: 14.307939217024606
# Latitude: 48.25060601535571
# Elevation: 258.799

# File produced by Open Asset Import Library (http://www.assimp.sf.net)
# (assimp v3.1.0)

mtllib ID_8256.obj.mtl

# 36 vertex positions
v  5.303 27.701 -7.671
v  8.987 27.701 -11.307
v  5.472 27.701 -11.464
v  8.818 27.701 -7.514
v  5.303 4.69713e-16 -7.671
v  8.818 4.601e-16 -7.514
v  8.987 6.92354e-16 -11.307
v  5.472 7.01968e-16 -11.464
v  0.521 25.885 -11.685
v  5.866 25.885 -20.311
v  0.915 25.885 -20.532
v  9.381 25.885 -20.155
v  13.79 25.885 -19.958
v  0.352 25.885 -7.892
v  13.396 25.885 -11.111
v  0 25.885 1.585e-15
v  13.227 25.885 -7.318
v  4.951 25.885 0.221
v  8.466 25.885 0.377
v  12.875 25.885 0.574
v  13.79 1.22207e-15 -19.958
v  0.915 1.25722e-15 -20.532
v  9.381 1.23414e-15 -20.155
v  5.866 1.24369e-15 -20.311
v  0.352 4.83246e-16 -7.892
v  0 0 0
v  0.521 7.155e-16 -11.685
v  8.466 -2.30846e-17 0.377
v  12.875 -3.51474e-17 0.574
v  4.951 -1.35323e-17 0.221
v  13.227 4.48098e-16 -7.318
v  13.396 6.80353e-16 -11.111
v  8.818 25.885 -7.514
v  8.987 25.885 -11.307
v  5.472 25.885 -11.464
v  5.303 25.885 -7.671

# 0 UV coordinates

# 40 vertex normals
vn 0 1 0
vn -0.0446213 0 0.999004
vn 0.999009 -0 0.0445115
vn 0.0446211 0 -0.999004
vn -0.999009 0 -0.0445116
vn -7.18268e-24 -1 -6.12323e-17
vn -1.51084e-23 -1 -6.12323e-17
vn 0.0446369 0 -0.999003
vn 0.0443376 -5.10789e-05 -0.999017
vn 0.0445928 2.71883e-05 -0.999005
vn 0.0445382 0 -0.999008
vn 2.65023e-21 1 6.11697e-17
vn 7.42883e-21 -1 -6.13978e-17
vn -0.99901 0 -0.0444908
vn -0.999009 7.13345e-06 -0.0445116
vn -0.999007 2.97499e-05 -0.0445578
vn -0.999009 -1.85749e-05 -0.044497
vn -0.999007 2.72838e-18 -0.0445578
vn -3.01999e-19 -1 -6.12491e-17
vn -0.044593 -6.11714e-17 0.999005
vn -0.0443376 -4.89578e-05 0.999017
vn -0.0446368 4.90952e-05 0.999003
vn -0.044487 -2.5569e-05 0.99901
vn -0.0446368 0 0.999003
vn -9.27585e-23 1 6.1234e-17
vn 0.999007 -0 0.0445579
vn 0.999009 -1.41602e-05 0.0445115
vn 0.99901 -2.35369e-05 0.0444908
vn 0.999008 0 0.0445204
vn 0 1 6.12318e-17
vn 0 1 6.11988e-17
vn -0.999009 0 -0.0445115
vn -0.0446211 0 0.999004
vn 0.999009 -0 0.0445116
vn 0.0446213 0 -0.999004
vn 7.59204e-25 -1 -6.12323e-17
vn -7.61977e-24 -1 -6.12324e-17
vn 0 -1 -6.12323e-17
vn 4.32749e-24 -1 -6.12323e-17
vn 1.85538e-24 -1 -6.12323e-17

# Mesh 'defaultobject' with 64 faces
g defaultobject
usemtl DefaultMaterial
f  1//1 2//1 3//1
f  2//1 1//1 4//1
f  5//2 4//2 1//2
f  4//2 5//2 6//2
f  6//3 2//3 4//3
f  2//3 6//3 7//3
f  7//4 3//4 2//4
f  3//4 7//4 8//4
f  8//5 1//5 3//5
f  1//5 8//5 5//5
f  5//6 7//6 6//6
f  7//6 5//6 8//7
f  9//1 10//1 11//1
f  10//1 9//1 12//1
f  12//1 9//1 13//1
f  13//1 9//1 14//1
f  13//1 14//1 15//1
f  15//1 14//1 16//1
f  15//1 16//1 17//1
f  17//1 16//1 18//1
f  17//1 18//1 19//1
f  17//1 19//1 20//1
f  21//8 12//8 13//8
f  12//9 21//9 10//9
f  10//10 21//10 11//10
f  11//11 21//11 22//11
f  22//12 21//12 23//12
f  22//13 23//13 24//13
f  22//14 9//14 11//14
f  9//15 22//15 14//15
f  14//16 22//16 16//16
f  16//17 22//17 25//17
f  16//18 25//18 26//18
f  25//19 22//13 27//19
f  26//20 18//20 16//20
f  18//21 26//21 19//21
f  19//22 26//22 20//22
f  20//23 26//23 28//23
f  20//24 28//24 29//24
f  28//25 26//25 30//25
f  29//26 17//26 20//26
f  17//27 29//27 15//27
f  15//28 29//28 13//28
f  13//29 29//29 21//29
f  21//12 29//30 31//30
f  21//12 31//30 32//31
f  7//32 33//32 34//32
f  33//32 7//32 6//32
f  8//33 34//33 35//33
f  34//33 8//33 7//33
f  5//34 35//34 36//34
f  35//34 5//34 8//34
f  6//35 36//35 33//35
f  36//35 6//35 5//35
f  28//36 31//36 29//36
f  31//36 28//36 30//37
f  31//36 30//37 26//38
f  31//36 26//38 32//39
f  32//39 26//38 25//19
f  32//39 25//19 21//40
f  21//40 25//19 27//19
f  21//40 27//19 23//13
f  23//13 27//19 24//13
f  24//13 27//19 22//13

