# {"id":"ID_19389","idOriginal":"ID_19389","origin":[14.374000344663546,48.24348884853557],"elevation":252.778,"wof":[{"Id":102049853,"Name":"Linz","Placetype":"county","Offset":-1},{"Id":85632785,"Name":"Austria","Placetype":"country","Offset":-1},{"Id":101748071,"Name":"Linz","Placetype":"locality","Offset":-1},{"Id":85681677,"Name":"Oberösterreich","Placetype":"region","Offset":-1},{"Id":85898441,"Name":"Posch","Placetype":"neighbourhood","Offset":-1}]}

# Attribution: City of Linz <http://geo.data.linz.gv.at/katalog/geodata/3d_geo_daten_lod2/>
# Longitude: 14.374000344663546
# Latitude: 48.24348884853557
# Elevation: 252.778

# File produced by Open Asset Import Library (http://www.assimp.sf.net)
# (assimp v3.1.0)


# 23 vertex positions
v  12.622 8.449 -1.409
v  14.895 7.978 8.03
v  13.302 7.977 -1.522
v  8.659 11.752 4.142
v  14.255 8.422 8.137
v  11.143 8.449 -1.162
v  11.03 7.977 -1.841
v  0 7.978 4.88512e-16
v  0.907 11.752 5.436
v  12.836 7.977 9.032
v  1.814 7.978 10.871
v  12.729 8.422 8.392
v  0 0 0
v  11.03 1.12729e-16 -1.841
v  11.143 7.1152e-17 -1.162
v  13.302 9.31956e-17 -1.522
v  12.622 8.62764e-17 -1.409
v  1.814 -6.65657e-16 10.871
v  0.907 -3.32859e-16 5.436
v  12.836 -5.53051e-16 9.032
v  12.729 -5.13862e-16 8.392
v  14.895 -4.91696e-16 8.03
v  14.255 -4.98248e-16 8.137

# 0 UV coordinates

# 38 vertex normals
vn 0.557264 0.825108 -0.0930221
vn 0.557332 0.82506 -0.0930408
vn 0.557092 0.825291 -0.0924318
vn -0.0930835 0.82503 -0.55737
vn -0.094073 0.82473 -0.557647
vn -0.0929589 0.825028 -0.557394
vn -0.0930272 0.825083 -0.557301
vn 0.0930699 0.825036 0.557363
vn 0.0930458 0.825006 0.557412
vn 0.0920375 0.824697 0.558035
vn 0.0931255 0.825078 0.557291
vn -0.164631 0 -0.986355
vn -0.164723 -0.00117707 -0.986339
vn -0.164473 -0 -0.986382
vn -0.164473 0 -0.986382
vn 4.96451e-22 1 6.12303e-17
vn -0.986364 -1.00773e-17 0.164576
vn -0.986361 -1.05952e-05 0.164598
vn -0.986362 0 0.16459
vn 0 1 6.11732e-17
vn 0.164573 -0 0.986365
vn 0.164573 0 0.986365
vn 0.164818 -0 0.986324
vn 0.16489 -1.33925e-05 0.986312
vn 0.164842 0 0.98632
vn -9.53972e-20 1 6.06726e-17
vn 0.98631 0 -0.164899
vn 0.986377 0 -0.1645
vn 0.986433 0 -0.164163
vn 0.986433 0 -0.164163
vn -2.19035e-23 -1 -6.12324e-17
vn 9.91462e-25 -1 -6.12323e-17
vn -4.64115e-24 -1 -6.12323e-17
vn -4.27137e-24 -1 -6.12323e-17
vn 6.88052e-24 -1 -6.12323e-17
vn 0 -1 -6.12323e-17
vn 0 -1 -6.1296e-17
vn -4.52836e-23 -1 -6.12323e-17

# Mesh 'defaultobject' with 42 faces
g defaultobject
usemtl DefaultMaterial
f  1//1 2//1 3//1
f  2//2 1//2 4//2
f  2//3 4//3 5//3
f  6//4 4//4 1//4
f  4//5 6//5 7//5
f  4//6 7//6 8//6
f  4//7 8//7 9//7
f  10//8 9//8 11//8
f  9//9 10//9 4//9
f  4//10 10//10 12//10
f  4//11 12//11 5//11
f  7//12 13//12 8//12
f  13//12 7//12 14//12
f  3//13 6//13 1//13
f  6//14 3//14 15//14
f  15//14 3//14 16//15
f  15//16 16//16 17//16
f  13//17 9//17 8//17
f  9//18 13//18 11//18
f  11//19 13//19 18//19
f  18//20 13//20 19//20
f  18//21 10//21 11//21
f  10//21 18//21 20//22
f  21//23 5//23 12//23
f  5//24 21//24 2//24
f  2//25 21//25 22//25
f  22//26 21//26 23//26
f  10//27 21//27 12//27
f  21//27 10//27 20//27
f  22//28 3//28 2//28
f  3//28 22//28 16//28
f  15//29 7//29 6//29
f  7//29 15//29 14//30
f  18//31 21//31 20//31
f  21//31 18//31 16//32
f  16//32 18//31 17//33
f  17//33 18//31 15//34
f  15//34 18//31 14//35
f  14//35 18//31 13//36
f  13//36 18//31 19//37
f  23//38 16//32 22//38
f  16//32 23//38 21//31

