# {"id":"ID_5353","idOriginal":"ID_5353","origin":[14.356984575407068,48.26058973078767],"elevation":252.016}
# Longitude: 14.356984575407068
# Latitude: 48.26058973078767
# Elevation: 252.016

# File produced by Open Asset Import Library (http://www.assimp.sf.net)
# (assimp v3.1.0)

mtllib ID_5353.obj.mtl

# 18 vertex positions
v  16.487 9.664 -1.998
v  27.838 9.664 17.313
v  33.339 9.664 8.467
v  10.993 9.664 6.837
v  10.993 -4.18646e-16 6.837
v  27.838 -1.06012e-15 17.313
v  33.339 -5.18454e-16 8.467
v  16.487 1.22342e-16 -1.998
v  2.847 12.53 -4.581
v  5.73 12.53 -8.677
v  5.487 12.53 -8.828
v  16.487 12.53 -1.998
v  0 12.53 7.67241e-16
v  10.993 12.53 6.837
v  5.73 5.31313e-16 -8.677
v  5.487 5.40559e-16 -8.828
v  0 0 0
v  2.847 2.80505e-16 -4.581

# 0 UV coordinates

# 18 vertex normals
vn 0 1 0
vn -0.528108 0 0.849177
vn 0.849193 -0 0.528082
vn 0.52755 0 -0.849524
vn -0.8492 0 -0.528071
vn 2.04954e-24 -1 -6.12323e-17
vn 2.56512e-24 -1 -6.12323e-17
vn 0.527491 0 -0.849561
vn 0.527798 0 -0.84937
vn -0.849288 0 -0.52793
vn -0.849339 -3.8891e-05 -0.527847
vn -0.849314 3.23238e-17 -0.527887
vn -8.05677e-20 1 6.12315e-17
vn -0.52813 -5.19963e-17 0.849164
vn -0.52813 0 0.849164
vn 0.8492 -0 0.528071
vn 9.48216e-23 -1 -6.12323e-17
vn 0 -1 -6.12323e-17

# Mesh 'defaultobject' with 32 faces
g defaultobject
usemtl DefaultMaterial
f  1//1 2//1 3//1
f  2//1 1//1 4//1
f  5//2 2//2 4//2
f  2//2 5//2 6//2
f  6//3 3//3 2//3
f  3//3 6//3 7//3
f  7//4 1//4 3//4
f  1//4 7//4 8//4
f  8//5 4//5 1//5
f  4//5 8//5 5//5
f  5//6 7//6 6//6
f  7//6 5//6 8//7
f  9//1 10//1 11//1
f  10//1 9//1 12//1
f  12//1 9//1 13//1
f  12//1 13//1 14//1
f  8//8 10//8 12//8
f  10//8 8//8 15//8
f  10//9 15//9 11//9
f  11//9 15//9 16//9
f  16//10 9//10 11//10
f  9//11 16//11 13//11
f  13//12 16//12 17//12
f  17//13 16//13 18//13
f  17//14 14//14 13//14
f  14//14 17//14 5//15
f  5//16 12//16 14//16
f  12//16 5//16 8//16
f  15//17 18//17 16//17
f  18//17 15//17 8//7
f  18//17 8//7 17//18
f  17//18 8//7 5//6

