# {"id":"_30258","idOriginal":"_30258","origin":[14.253403437787776,48.30772804269202],"elevation":257.036,"wof":[{"Id":102049853,"Name":"Linz","Placetype":"county","Offset":-1},{"Id":85632785,"Name":"Austria","Placetype":"country","Offset":-1},{"Id":101748071,"Name":"Linz","Placetype":"locality","Offset":-1},{"Id":85681677,"Name":"Oberösterreich","Placetype":"region","Offset":-1},{"Id":85898445,"Name":"St. Margarethen","Placetype":"neighbourhood","Offset":-1}]}

# Attribution: City of Linz <http://geo.data.linz.gv.at/katalog/geodata/3d_geo_daten_lod2/>
# Longitude: 14.253403437787776
# Latitude: 48.30772804269202
# Elevation: 257.036

# File produced by Open Asset Import Library (http://www.assimp.sf.net)
# (assimp v3.1.0)


# 10 vertex positions
v  0.962 2.169 -6.019
v  11.42 2.169 -4.541
v  0.994 2.169 -6.221
v  10.42 2.169 1.665
v  0 2.169 1.32813e-16
v  11.42 2.78056e-16 -4.541
v  0.994 3.80926e-16 -6.221
v  0 0 0
v  0.962 3.68557e-16 -6.019
v  10.42 -1.01952e-16 1.665

# 0 UV coordinates

# 10 vertex normals
vn -0 1 0
vn 0.159084 0 -0.987265
vn -0.987684 0 -0.156465
vn -0.987467 0.000129803 -0.157824
vn -0.987474 9.66124e-18 -0.15778
vn 0 -1 -6.1218e-17
vn -0.157787 -6.04653e-17 0.987473
vn -0.157787 0 0.987473
vn 0.987265 -0 0.159082
vn 3.18991e-24 -1 -6.12323e-17

# Mesh 'defaultobject' with 16 faces
g defaultobject
usemtl DefaultMaterial
f  1//1 2//1 3//1
f  2//1 1//1 4//1
f  4//1 1//1 5//1
f  6//2 3//2 2//2
f  3//2 6//2 7//2
f  7//3 1//3 3//3
f  1//4 7//4 5//4
f  5//5 7//5 8//5
f  8//6 7//6 9//6
f  8//7 4//7 5//7
f  4//7 8//7 10//8
f  10//9 2//9 4//9
f  2//9 10//9 6//9
f  10//10 7//6 6//10
f  7//6 10//10 9//6
f  9//6 10//10 8//6

