# File produced by Open Asset Import Library (http://www.assimp.sf.net)
# (assimp v3.1.0)

mtllib ID_104.obj.mtl

# 35 vertex positions
v  62.974 11.654 -50.928
v  83.751 11.654 -9.659
v  96.473 11.654 -31.258
v  50.217 11.654 -29.35
v  50.217 1.79717e-15 -29.35
v  83.751 5.91443e-16 -9.659
v  96.473 1.914e-15 -31.258
v  62.974 3.11844e-15 -50.928
v  23.16 7.491 -45.306
v  38.299 7.491 -65.418
v  35.887 7.491 -66.834
v  62.974 7.491 -50.928
v  25.663 7.491 -43.841
v  50.217 7.491 -29.35
v  25.609 7.491 -43.872
v  25.631 7.491 -43.787
v  25.663 2.68449e-15 -43.841
v  25.609 2.68639e-15 -43.872
v  23.16 2.77419e-15 -45.306
v  25.631 2.68118e-15 -43.787
v  35.887 4.0924e-15 -66.834
v  38.299 4.0057e-15 -65.418
v  12.636 11.58 -21.586
v  50.217 11.58 -29.35
v  25.631 11.58 -43.787
v  70.696 11.58 12.507
v  83.751 11.58 -9.659
v  12.636 1.32176e-15 -21.586
v  70.696 -7.65833e-16 12.507
v  0 11.99 7.34176e-16
v  70.696 11.99 12.507
v  12.636 11.99 -21.586
v  57.953 11.99 34.142
v  57.953 -2.09059e-15 34.142
v  0 0 0

# 0 UV coordinates

# 36 vertex normals
vn 0 1 0
vn -0.506354 0 0.862326
vn 0.861643 -0 0.507515
vn 0.506345 0 -0.862331
vn -0.860815 0 -0.508917
vn -3.47574e-24 -1 -6.12323e-17
vn 3.47934e-24 -1 -6.12323e-17
vn -0.497886 0 0.867242
vn -0.505294 -7.11761e-05 0.862947
vn -0.497884 0.00324397 0.867238
vn -0.505294 0 0.862947
vn -0.506359 0 0.862323
vn -0.860298 0 -0.509792
vn -0.860823 0 -0.508904
vn 0.860815 -0 0.508917
vn 0.506379 0 -0.862311
vn 0.50627 0 -0.862375
vn -1.77776e-24 -1 -6.12323e-17
vn 0 -1 -6.12328e-17
vn 1.51312e-21 -1 -6.12236e-17
vn -1.49417e-23 -1 -6.12324e-17
vn 2.69562e-24 -1 -6.12323e-17
vn 2.5309e-19 -1 -6.1754e-17
vn -0.506359 0 0.862323
vn 0.861659 -0 0.507487
vn 0.506354 0 -0.862326
vn 0.506359 0 -0.862323
vn -0.863026 0 -0.505159
vn 7.82466e-24 -1 -6.12323e-17
vn 0.861646 -0 0.507509
vn 0.506359 0 -0.862323
vn -0.863009 0 -0.505188
vn -0.863009 3.09338e-17 -0.505188
vn -0.507594 -5.27576e-17 0.861596
vn -0.507594 0 0.861596
vn 1.00307e-24 -1 -6.12323e-17

# Mesh 'defaultobject' with 68 faces
g defaultobject
usemtl DefaultMaterial
f  1//1 2//1 3//1
f  2//1 1//1 4//1
f  5//2 2//2 4//2
f  2//2 5//2 6//2
f  6//3 3//3 2//3
f  3//3 6//3 7//3
f  7//4 1//4 3//4
f  1//4 7//4 8//4
f  8//5 4//5 1//5
f  4//5 8//5 5//5
f  8//6 6//6 5//6
f  6//6 8//6 7//7
f  9//1 10//1 11//1
f  10//1 9//1 12//1
f  12//1 9//1 13//1
f  12//1 13//1 14//1
f  13//1 9//1 15//1
f  14//1 13//1 16//1
f  15//8 17//8 13//8
f  17//9 15//9 9//9
f  17//10 9//10 18//10
f  18//11 9//11 19//11
f  20//12 14//12 16//12
f  14//12 20//12 5//2
f  17//13 16//13 13//13
f  16//13 17//13 20//13
f  21//14 9//14 11//14
f  9//14 21//14 19//14
f  5//15 12//15 14//15
f  12//15 5//15 8//15
f  8//16 10//16 12//16
f  10//16 8//16 22//16
f  10//17 22//17 11//17
f  11//17 22//17 21//17
f  20//18 8//6 5//6
f  8//6 20//18 17//19
f  8//6 17//19 18//20
f  8//6 18//20 19//21
f  8//6 19//21 21//22
f  8//6 21//22 22//23
f  23//1 24//1 25//1
f  24//1 23//1 26//1
f  24//1 26//1 27//1
f  28//24 26//24 23//24
f  26//24 28//24 29//24
f  29//25 27//25 26//25
f  27//25 29//25 6//25
f  6//26 24//26 27//26
f  24//26 6//26 5//26
f  24//26 5//26 25//27
f  25//27 5//26 20//27
f  20//28 23//28 25//28
f  23//28 20//28 28//28
f  20//18 29//29 28//29
f  29//29 20//18 5//6
f  29//29 5//6 6//6
f  30//1 31//1 32//1
f  31//1 30//1 33//1
f  34//30 31//30 33//30
f  31//30 34//30 29//30
f  29//31 32//31 31//31
f  32//31 29//31 28//31
f  28//32 30//32 32//32
f  30//32 28//32 35//33
f  35//34 33//34 30//34
f  33//34 35//34 34//35
f  35//36 29//29 34//36
f  29//29 35//36 28//29

