# {"id":"ID_51","idOriginal":"ID_51","origin":[14.341614438881226,48.27232204300342],"elevation":256.95}
# Longitude: 14.341614438881226
# Latitude: 48.27232204300342
# Elevation: 256.95

# File produced by Open Asset Import Library (http://www.assimp.sf.net)
# (assimp v3.1.0)

mtllib ID_51.obj.mtl

# 92 vertex positions
v  6.175 17.417 28.925
v  9.069 17.417 42.448
v  6.192 17.417 28.921
v  6.078 17.417 28.946
v  8.965 17.417 42.47
v  8.965 -2.60054e-15 42.47
v  9.069 -2.59919e-15 42.448
v  6.192 -1.7709e-15 28.921
v  6.175 -1.77115e-15 28.925
v  6.078 -1.77243e-15 28.946
v  28.199 20.589 132
v  81.918 20.589 136.452
v  78.665 20.589 121.214
v  31.452 20.589 147.237
v  31.452 -9.01567e-15 147.237
v  81.918 -8.35528e-15 136.452
v  78.665 -7.42222e-15 121.214
v  28.199 -8.08267e-15 132
v  12.492 20.569 58.991
v  9.079 20.569 42.446
v  8.965 20.569 42.47
v  59.548 20.569 31.659
v  12.59 20.569 58.97
v  63.074 20.569 48.181
v  12.607 20.569 58.967
v  12.607 -3.61069e-15 58.967
v  63.074 -2.95024e-15 48.181
v  12.59 -3.61087e-15 58.97
v  12.492 -3.61216e-15 58.991
v  59.548 -1.93855e-15 31.659
v  9.079 -2.59907e-15 42.446
v  9.069 20.569 42.448
v  0 17.207 1.05362e-15
v  53.07 17.207 1.315
v  50.486 17.207 -10.79
v  2.6 17.207 12.102
v  2.584 17.207 12.105
v  2.584 -7.41217e-16 12.105
v  2.6 -7.41034e-16 12.102
v  53.07 -8.05205e-17 1.315
v  50.486 6.60697e-16 -10.79
v  0 0 0
v  12.607 17.428 58.967
v  65.815 17.428 61.021
v  63.074 17.428 48.181
v  15.348 17.428 71.807
v  15.348 -4.39691e-15 71.807
v  65.815 -3.73646e-15 61.021
v  15.348 20.578 71.807
v  69.278 20.578 77.244
v  65.815 20.578 61.021
v  18.811 20.578 88.03
v  18.811 -5.39028e-15 88.03
v  69.278 -4.72983e-15 77.244
v  31.452 17.42 147.237
v  85.434 17.42 152.925
v  81.918 17.42 136.452
v  31.668 17.42 148.25
v  34.966 17.42 163.7
v  81.285 17.42 153.811
v  40.007 17.42 162.624
v  34.966 -1.00237e-14 163.7
v  85.434 -9.36396e-15 152.925
v  40.007 -9.95785e-15 162.624
v  81.285 -9.41821e-15 153.811
v  31.668 -9.07769e-15 148.25
v  6.175 20.562 28.925
v  2.6 20.562 12.102
v  2.584 20.562 12.105
v  53.07 20.562 1.315
v  6.192 20.562 28.921
v  56.661 20.562 18.135
v  56.661 -1.11045e-15 18.135
v  25.042 17.438 117.216
v  78.665 17.438 121.214
v  75.509 17.438 106.43
v  28.199 17.438 132
v  25.042 -7.17741e-15 117.216
v  75.509 -6.51696e-15 106.43
v  21.862 20.584 102.318
v  75.509 20.584 106.43
v  72.329 20.584 91.532
v  25.042 20.584 117.216
v  21.862 -6.26517e-15 102.318
v  72.329 -5.60472e-15 91.532
v  18.811 17.429 88.03
v  72.329 17.429 91.532
v  69.278 17.429 77.244
v  21.862 17.429 102.318
v  59.548 17.417 31.659
v  56.661 17.417 18.135
v  9.079 17.417 42.446

# 0 UV coordinates

# 90 vertex normals
vn -0 1 0
vn 0.206953 -0 0.978351
vn 0.978122 0 -0.208033
vn -0.229027 0 -0.97342
vn -0.211592 0 -0.977358
vn -0.977965 0 0.208768
vn 2.82064e-22 -1 -6.12324e-17
vn 1.23337e-21 -1 -6.12326e-17
vn 0.208989 -0 0.977918
vn 0.977964 0 -0.208775
vn -0.209008 0 -0.977914
vn -0.977961 0 0.208788
vn 5.26739e-24 -1 -6.12323e-17
vn 8.95397e-24 -1 -6.12324e-17
vn 0.209004 -0 0.977915
vn 0.173905 -0 0.984762
vn 0.209527 -0 0.977803
vn 0.977977 0 -0.208713
vn -0.209014 0 -0.977913
vn -0.196368 -0 -0.98053
vn -0.206953 -5.35829e-06 -0.978351
vn -0.206027 -0 -0.978546
vn 4.63613e-19 1 6.34309e-17
vn -0.977962 0 0.208781
vn -8.46492e-22 -1 -6.12321e-17
vn 7.7725e-24 -1 -6.12323e-17
vn -1.25273e-21 -1 -6.12345e-17
vn -1.98789e-21 -1 -6.12358e-17
vn -7.77231e-24 -1 -6.12323e-17
vn 0.18425 -0 0.98288
vn 0.20901 -0 0.977913
vn 0.977966 0 -0.208762
vn -0.209003 0 -0.977915
vn -0.209003 5.988e-17 -0.977915
vn -0.977966 -1.2783e-17 0.208762
vn -0.977966 0 0.208762
vn 0 -1 -6.12323e-17
vn 0 -1 -6.12023e-17
vn -0.977965 0 0.20877
vn 0.209004 -0 0.977915
vn 0.977965 0 -0.20877
vn -0.209004 0 -0.977915
vn 1.40639e-24 -1 -6.12324e-17
vn 0.209004 -0 0.977915
vn 0.977967 0 -0.208759
vn -0.977967 0 0.208759
vn 1.03891e-23 -1 -6.12323e-17
vn 0.208748 -0 0.977969
vn 0.208797 -1.49315e-05 0.977959
vn 0.208837 -0.000126356 0.97795
vn 0.208796 0 0.977959
vn -7.4927e-19 1 5.75961e-17
vn -4.68844e-19 1 5.90022e-17
vn 0.977971 0 -0.208738
vn -0.208989 0 -0.977918
vn -0.978014 0 0.20854
vn -0.977967 -1.33815e-05 0.20876
vn -0.97797 0 0.208746
vn 4.5972e-18 1 6.02233e-17
vn -6.6673e-23 -1 -6.12323e-17
vn 2.85932e-23 -1 -6.12323e-17
vn 3.12138e-22 -1 -6.12318e-17
vn -4.15583e-23 -1 -6.12324e-17
vn 0.229027 -0 0.97342
vn 0.208996 -0 0.977917
vn 0.97796 0 -0.20879
vn -0.20901 0 -0.977913
vn -0.18425 0 -0.982879
vn -0.97796 0 0.20879
vn 9.54293e-25 -1 -6.12323e-17
vn -0.977951 0 0.208833
vn 0.209008 -0 0.977914
vn 0.977965 0 -0.20877
vn -0.209004 0 -0.977915
vn -3.25723e-24 -1 -6.12324e-17
vn -5.42869e-24 -1 -6.12324e-17
vn -0.977969 0 0.208749
vn 0.209004 -0 0.977915
vn 0.977969 0 -0.208749
vn -0.209004 0 -0.977915
vn 7.00333e-24 -1 -6.12323e-17
vn 4.84846e-24 -1 -6.12323e-17
vn -0.977952 0 0.208828
vn 0.209004 -0 0.977915
vn 0.977952 0 -0.208828
vn -0.209004 0 -0.977915
vn -0.977968 0 0.208754
vn 0.209014 -0 0.977913
vn 0.977965 0 -0.208769
vn -0.208996 0 -0.977917

# Mesh 'defaultobject' with 186 faces
g defaultobject
usemtl DefaultMaterial
f  1//1 2//1 3//1
f  2//1 1//1 4//1
f  2//1 4//1 5//1
f  6//2 2//2 5//2
f  2//2 6//2 7//2
f  7//3 3//3 2//3
f  3//3 7//3 8//3
f  8//4 1//4 3//4
f  1//4 8//4 9//4
f  9//5 4//5 1//5
f  4//5 9//5 10//5
f  10//6 5//6 4//6
f  5//6 10//6 6//6
f  10//7 9//7 6//7
f  6//7 8//8 7//8
f  8//8 6//7 9//7
f  11//1 12//1 13//1
f  12//1 11//1 14//1
f  15//9 12//9 14//9
f  12//9 15//9 16//9
f  16//10 13//10 12//10
f  13//10 16//10 17//10
f  17//11 11//11 13//11
f  11//11 17//11 18//11
f  18//12 14//12 11//12
f  14//12 18//12 15//12
f  18//13 16//13 15//13
f  16//13 18//13 17//14
f  19//1 20//1 21//1
f  20//1 19//1 22//1
f  22//1 19//1 23//1
f  22//1 23//1 24//1
f  24//1 23//1 25//1
f  26//15 24//15 25//15
f  24//15 26//15 27//15
f  28//16 25//16 23//16
f  25//16 28//16 26//16
f  29//17 23//17 19//17
f  23//17 29//17 28//17
f  27//18 22//18 24//18
f  22//18 27//18 30//18
f  30//19 20//19 22//19
f  20//19 30//19 31//19
f  20//20 31//20 32//20
f  32//21 31//21 21//21
f  21//22 31//22 6//22
f  6//23 31//23 7//23
f  6//24 19//24 21//24
f  19//24 6//24 29//24
f  31//25 29//25 6//7
f  29//25 31//25 30//26
f  29//25 30//26 28//27
f  28//27 30//26 26//28
f  26//28 30//26 27//29
f  33//1 34//1 35//1
f  34//1 33//1 36//1
f  36//1 33//1 37//1
f  38//30 36//30 37//30
f  36//30 38//30 39//30
f  39//31 34//31 36//31
f  34//31 39//31 40//31
f  40//32 35//32 34//32
f  35//32 40//32 41//32
f  41//33 33//33 35//33
f  33//33 41//33 42//34
f  42//35 37//35 33//35
f  37//35 42//35 38//36
f  39//37 41//37 40//37
f  41//37 39//37 38//38
f  41//37 38//38 42//37
f  43//1 44//1 45//1
f  44//1 43//1 46//1
f  26//39 46//39 43//39
f  46//39 26//39 47//39
f  47//40 44//40 46//40
f  44//40 47//40 48//40
f  48//41 45//41 44//41
f  45//41 48//41 27//41
f  27//42 43//42 45//42
f  43//42 27//42 26//42
f  26//28 48//43 47//43
f  48//43 26//28 27//29
f  49//1 50//1 51//1
f  50//1 49//1 52//1
f  53//44 50//44 52//44
f  50//44 53//44 54//44
f  54//45 51//45 50//45
f  51//45 54//45 48//45
f  48//42 49//42 51//42
f  49//42 48//42 47//42
f  47//46 52//46 49//46
f  52//46 47//46 53//46
f  47//43 54//47 53//47
f  54//47 47//43 48//43
f  55//1 56//1 57//1
f  56//1 55//1 58//1
f  56//1 58//1 59//1
f  56//1 59//1 60//1
f  60//1 59//1 61//1
f  62//48 61//48 59//48
f  61//49 62//49 60//49
f  60//50 62//50 56//50
f  56//51 62//51 63//51
f  63//52 62//52 64//52
f  63//52 64//52 65//53
f  63//54 57//54 56//54
f  57//54 63//54 16//54
f  16//55 55//55 57//55
f  55//55 16//55 15//55
f  15//56 58//56 55//56
f  58//57 15//57 59//57
f  59//58 15//58 62//58
f  62//52 15//59 66//59
f  65//60 16//13 63//60
f  16//13 65//60 64//61
f  16//13 64//61 62//62
f  16//13 62//62 66//63
f  16//13 66//63 15//13
f  67//1 68//1 69//1
f  68//1 67//1 70//1
f  70//1 67//1 71//1
f  72//1 70//1 71//1
f  9//64 71//64 67//64
f  71//64 9//64 8//64
f  8//65 72//65 71//65
f  72//65 8//65 73//65
f  73//66 70//66 72//66
f  70//66 73//66 40//66
f  40//67 68//67 70//67
f  68//67 40//67 39//67
f  39//68 69//68 68//68
f  69//68 39//68 38//68
f  38//69 67//69 69//69
f  67//69 38//69 9//69
f  38//38 8//8 9//7
f  8//8 38//38 73//70
f  73//70 38//38 39//37
f  40//37 73//70 39//37
f  74//1 75//1 76//1
f  75//1 74//1 77//1
f  78//71 77//71 74//71
f  77//71 78//71 18//71
f  18//72 75//72 77//72
f  75//72 18//72 17//72
f  17//10 76//73 75//73
f  76//73 17//10 79//73
f  79//74 74//74 76//74
f  74//74 79//74 78//74
f  78//75 17//14 18//13
f  17//14 78//75 79//76
f  80//1 81//1 82//1
f  81//1 80//1 83//1
f  84//77 83//77 80//77
f  83//77 84//77 78//77
f  78//78 81//78 83//78
f  81//78 78//78 79//78
f  79//79 82//79 81//79
f  82//79 79//79 85//79
f  85//80 80//80 82//80
f  80//80 85//80 84//80
f  84//81 79//76 78//75
f  79//76 84//81 85//82
f  86//1 87//1 88//1
f  87//1 86//1 89//1
f  53//83 89//83 86//83
f  89//83 53//83 84//83
f  84//84 87//84 89//84
f  87//84 84//84 85//84
f  85//85 88//85 87//85
f  88//85 85//85 54//85
f  54//86 86//86 88//86
f  86//86 54//86 53//86
f  53//47 85//82 84//81
f  85//82 53//47 54//47
f  3//1 90//1 91//1
f  90//1 3//1 92//1
f  8//87 92//87 3//87
f  92//87 8//87 31//87
f  31//88 90//88 92//88
f  90//88 31//88 30//88
f  30//89 91//89 90//89
f  91//89 30//89 73//89
f  73//90 3//90 91//90
f  3//90 73//90 8//90
f  8//8 30//26 31//25
f  30//26 8//8 73//70

