# {"id":"ID_26745","idOriginal":"ID_26745","origin":[14.292907694044102,48.26625643537743],"elevation":281.33,"wof":[{"Id":85681677,"Name":"Oberösterreich","Placetype":"region","Offset":-1},{"Id":102049853,"Name":"Linz","Placetype":"county","Offset":-1},{"Id":85898435,"Name":"Oed","Placetype":"neighbourhood","Offset":-1},{"Id":101748071,"Name":"Linz","Placetype":"locality","Offset":-1},{"Id":85632785,"Name":"Austria","Placetype":"country","Offset":-1}]}

# Attribution: City of Linz <http://geo.data.linz.gv.at/katalog/geodata/3d_geo_daten_lod2/>
# Longitude: 14.292907694044102
# Latitude: 48.26625643537743
# Elevation: 281.33

# File produced by Open Asset Import Library (http://www.assimp.sf.net)
# (assimp v3.1.0)


# 18 vertex positions
v  6.444 8.143 4.568
v  1.485 7.547 -2.095
v  0 7.547 4.6212e-16
v  4.065 7.548 -5.736
v  11.154 8.143 -2.095
v  6.336 7.548 -8.941
v  7.86 7.689 -7.862
v  12.772 8.143 -4.384
v  12.612 8.143 -4.157
v  6.444 -2.79709e-16 4.568
v  11.154 1.28282e-16 -2.095
v  12.772 2.68443e-16 -4.384
v  12.612 2.54543e-16 -4.157
v  6.336 5.47478e-16 -8.941
v  7.86 4.81409e-16 -7.862
v  4.065 3.51229e-16 -5.736
v  1.485 1.28282e-16 -2.095
v  0 0 0

# 0 UV coordinates

# 29 vertex normals
vn -0.0613834 0.997165 -0.0435104
vn -0.0615814 0.99716 -0.0433625
vn -0.0614021 0.997169 -0.0434045
vn -0.061363 0.997168 -0.0434806
vn -0.0615826 0.997161 -0.0433254
vn -0.0614227 0.997167 -0.0434172
vn 0 1 0
vn 0.816581 -0 0.577232
vn 0.816507 0 0.577336
vn 0.817365 -0.000461567 0.57612
vn 0.816592 0 0.577215
vn 6.33978e-20 1 6.12788e-17
vn 0.57787 0 -0.816129
vn 0.577841 -2.79085e-05 -0.81615
vn 0.577863 0 -0.816134
vn 0 1 6.12429e-17
vn -0.815929 0 -0.578152
vn -0.815923 5.60546e-06 -0.57816
vn -0.815929 -6.36965e-06 -0.578152
vn -0.815833 9.21189e-05 -0.578287
vn -0.815923 -5.30103e-05 -0.57816
vn -0.815833 3.54099e-17 -0.578287
vn -0.578312 0 0.815815
vn -2.60996e-24 -1 -6.12323e-17
vn 0 -1 -6.12323e-17
vn -0 -1 -6.12323e-17
vn -3.41667e-24 -1 -6.12323e-17
vn -2.65812e-24 -1 -6.12323e-17
vn 6.9282e-23 -1 -6.12324e-17

# Mesh 'defaultobject' with 32 faces
g defaultobject
usemtl DefaultMaterial
f  1//1 2//1 3//1
f  2//2 1//2 4//2
f  4//3 1//3 5//3
f  4//4 5//4 6//4
f  6//5 5//5 7//5
f  7//6 5//6 8//6
f  8//7 5//7 9//7
f  10//8 5//8 1//8
f  5//8 10//8 11//8
f  5//9 11//9 9//9
f  9//10 11//10 8//10
f  8//11 11//11 12//11
f  12//12 11//12 13//12
f  12//13 7//13 8//13
f  7//14 12//14 6//14
f  6//15 12//13 14//15
f  14//16 12//12 15//16
f  14//17 4//17 6//17
f  4//18 14//18 2//18
f  2//19 14//17 16//19
f  2//20 16//20 3//20
f  3//21 16//21 17//21
f  3//22 17//22 18//22
f  3//23 10//23 1//23
f  10//23 3//23 18//23
f  17//24 10//24 18//24
f  10//24 17//24 11//25
f  11//25 17//24 16//26
f  11//25 16//26 14//27
f  11//25 14//27 13//28
f  13//28 14//27 15//26
f  13//28 15//26 12//29

