# {"id":"ID_3933","idOriginal":"ID_3933","origin":[14.286637919093897,48.31452938597069],"elevation":260.176}
# Longitude: 14.286637919093897
# Latitude: 48.31452938597069
# Elevation: 260.176

# File produced by Open Asset Import Library (http://www.assimp.sf.net)
# (assimp v3.1.0)

mtllib ID_3933.obj.mtl

# 50 vertex positions
v  7.732 9.834 -11.311
v  11.227 9.834 -6.519
v  12.353 9.834 -8.166
v  6.612 9.834 -9.673
v  6.612 5.923e-16 -9.673
v  11.227 3.99174e-16 -6.519
v  12.353 5.00023e-16 -8.166
v  7.732 6.92599e-16 -11.311
v  7.622 15.817 5.208
v  38.119 15.817 14.183
v  13.162 15.817 -2.896
v  32.398 15.817 22.139
v  7.622 -3.18898e-16 5.208
v  32.398 -1.35562e-15 22.139
v  38.119 -8.68458e-16 14.183
v  13.162 1.77329e-16 -2.896
v  12.353 18.874 -8.166
v  14.234 18.874 -4.465
v  15.363 18.874 -6.116
v  11.227 18.874 -6.519
v  14.234 2.73402e-16 -4.465
v  15.363 3.74497e-16 -6.116
v  15.725 15.817 -3.329
v  14.234 15.817 -4.465
v  14.178 15.817 -4.383
v  15.779 15.817 -3.409
v  15.725 2.03842e-16 -3.329
v  15.779 2.08741e-16 -3.409
v  14.178 2.68381e-16 -4.383
v  15.363 9.834 -6.116
v  15.779 9.834 -3.409
v  16.907 9.834 -5.065
v  14.234 9.834 -4.465
v  16.907 3.10142e-16 -5.065
v  6.612 15.814 -9.673
v  4.615 15.814 3.154
v  11.227 15.814 -6.519
v  0 15.814 9.68328e-16
v  0 0 0
v  4.615 -1.93127e-16 3.154
v  13.162 18.704 -2.896
v  13.142 18.704 -2.91
v  7.622 18.704 5.208
v  11.227 18.704 -6.519
v  4.615 18.704 3.154
v  14.155 18.704 -4.398
v  14.234 18.704 -4.465
v  14.178 18.704 -4.383
v  13.142 1.78186e-16 -2.91
v  14.155 2.693e-16 -4.398

# 0 UV coordinates

# 42 vertex normals
vn 0 1 0
vn -0.564241 0 0.82561
vn 0.825516 -0 0.564378
vn 0.562643 0 -0.8267
vn -0.82548 0 -0.564431
vn 0 -1 -6.12323e-17
vn -4.74707e-24 -1 -6.12323e-17
vn -0.564207 0 0.825633
vn 0.811888 -0 0.583813
vn 0.564755 0 -0.825259
vn -0.825537 0 -0.564348
vn 0 -1 -6.12323e-17
vn -2.85902e-24 -1 -6.12323e-17
vn -0.564044 0 0.825745
vn 0.825454 -0 0.564469
vn 0.562911 0 -0.826518
vn -0.825516 0 -0.564378
vn -3.63398e-24 -1 -6.12323e-17
vn 0.828849 -0 0.559473
vn 0.564282 0 -0.825582
vn -0.825803 0 -0.563959
vn -0.563055 0 0.826419
vn 3.66261e-23 -1 -6.12324e-17
vn -0.564282 0 0.825582
vn 0.826481 -0 0.562965
vn 0.562705 0 -0.826657
vn -0.825454 0 -0.564469
vn 7.07296e-24 -1 -6.12323e-17
vn -0.564241 -5.0554e-17 0.82561
vn 0.82556 -0 0.564314
vn 0.564241 0 -0.82561
vn -0.82556 0 -0.564314
vn -0.82556 3.45542e-17 -0.564314
vn 0.826627 -0 0.562751
vn 0.825803 -0 0.563959
vn 0.825537 -0 0.564348
vn -0.546252 0 0.837621
vn -0.564044 0 0.825745
vn 0.564044 0 -0.825745
vn 0.573477 0 -0.819222
vn 2.33161e-21 -1 -6.12294e-17
vn -1.61762e-23 -1 -6.12324e-17

# Mesh 'defaultobject' with 100 faces
g defaultobject
usemtl DefaultMaterial
f  1//1 2//1 3//1
f  2//1 1//1 4//1
f  5//2 2//2 4//2
f  2//2 5//2 6//2
f  6//3 3//3 2//3
f  3//3 6//3 7//3
f  7//4 1//4 3//4
f  1//4 7//4 8//4
f  8//5 4//5 1//5
f  4//5 8//5 5//5
f  8//6 6//6 5//6
f  6//6 8//6 7//7
f  9//1 10//1 11//1
f  10//1 9//1 12//1
f  13//8 12//8 9//8
f  12//8 13//8 14//8
f  14//9 10//9 12//9
f  10//9 14//9 15//9
f  15//10 11//10 10//10
f  11//10 15//10 16//10
f  16//11 9//11 11//11
f  9//11 16//11 13//11
f  16//12 14//12 13//12
f  14//12 16//12 15//13
f  17//1 18//1 19//1
f  18//1 17//1 20//1
f  6//14 18//14 20//14
f  18//14 6//14 21//14
f  21//15 19//15 18//15
f  19//15 21//15 22//15
f  22//16 17//16 19//16
f  17//16 22//16 7//16
f  7//17 20//17 17//17
f  20//17 7//17 6//17
f  7//7 21//12 6//6
f  21//12 7//7 22//18
f  23//1 24//1 25//1
f  24//1 23//1 26//1
f  27//19 26//19 23//19
f  26//19 27//19 28//19
f  28//20 24//20 26//20
f  24//20 28//20 21//20
f  21//21 25//21 24//21
f  25//21 21//21 29//21
f  29//22 23//22 25//22
f  23//22 29//22 27//22
f  29//23 28//23 27//23
f  28//23 29//23 21//12
f  30//1 31//1 32//1
f  31//1 30//1 33//1
f  21//24 31//24 33//24
f  31//24 21//24 28//24
f  28//25 32//25 31//25
f  32//25 28//25 34//25
f  34//26 30//26 32//26
f  30//26 34//26 22//26
f  22//27 33//27 30//27
f  33//27 22//27 21//27
f  22//18 28//23 21//12
f  28//23 22//18 34//28
f  35//1 36//1 37//1
f  36//1 35//1 38//1
f  39//29 36//29 38//29
f  36//29 39//29 40//2
f  40//30 37//30 36//30
f  37//30 40//30 6//30
f  6//31 35//31 37//31
f  35//31 6//31 5//31
f  5//32 38//32 35//32
f  38//32 5//32 39//33
f  5//6 40//6 39//6
f  40//6 5//6 6//6
f  41//1 42//1 43//1
f  43//1 44//1 45//1
f  44//1 43//1 42//1
f  44//1 42//1 46//1
f  44//1 46//1 47//1
f  47//1 46//1 48//1
f  49//34 46//34 42//34
f  46//34 49//34 50//34
f  29//35 47//35 48//35
f  47//35 29//35 21//35
f  13//36 41//36 43//36
f  41//36 13//36 16//36
f  50//37 48//37 46//37
f  48//37 50//37 29//37
f  40//38 43//38 45//38
f  43//38 40//38 13//38
f  21//39 44//39 47//39
f  44//39 21//39 6//39
f  16//40 42//40 41//40
f  42//40 16//40 49//40
f  6//32 45//32 44//32
f  45//32 6//32 40//32
f  6//6 21//12 40//6
f  50//41 40//6 21//12
f  29//23 50//41 21//12
f  49//42 40//6 50//41
f  16//12 40//6 49//42
f  13//12 40//6 16//12

