# File produced by Open Asset Import Library (http://www.assimp.sf.net)
# (assimp v3.1.0)

mtllib ID_8300.obj.mtl

# 88 vertex positions
v  1.792 8.42 -4.049
v  5.591 8.42 -8.386
v  2.293 8.42 -8.742
v  5.09 8.42 -3.693
v  5.09 2.26131e-16 -3.693
v  5.591 5.13494e-16 -8.386
v  2.293 5.35293e-16 -8.742
v  1.792 2.4793e-16 -4.049
v  25.654 8.42 -1.478
v  29.512 8.42 -5.809
v  26.155 8.42 -6.171
v  29.011 8.42 -1.116
v  29.011 6.83353e-17 -1.116
v  29.512 3.55699e-16 -5.809
v  26.155 3.77865e-16 -6.171
v  25.654 9.05014e-17 -1.478
v  20.382 8.42 -2.046
v  24.007 8.42 -6.402
v  20.883 8.42 -6.739
v  23.506 8.42 -1.709
v  23.506 1.04646e-16 -1.709
v  24.007 3.92009e-16 -6.402
v  20.883 4.12645e-16 -6.739
v  20.382 1.25281e-16 -2.046
v  7.357 8.42 -3.449
v  10.907 8.42 -7.814
v  7.858 8.42 -8.142
v  10.406 8.42 -3.121
v  7.357 2.1119e-16 -3.449
v  10.406 1.91106e-16 -3.121
v  10.907 4.7847e-16 -7.814
v  7.858 4.98554e-16 -8.142
v  30.18 5.79 -0.99
v  30.024 5.79 3.54535e-16
v  30.072 5.79 3.54535e-16
v  20.164 5.79 3.54535e-16
v  30.694 5.79 -5.681
v  30.836 5.79 -6.976
v  30.844 5.79 -7.07
v  30.852 5.79 -7.173
v  26.854 5.79 -7.609
v  21.043 5.79 -8.233
v  10.073 5.79 3.54535e-16
v  14.152 5.79 -8.972
v  11.838 5.79 -9.221
v  11.066 5.79 -9.304
v  1.36 5.79 3.54535e-16
v  8.584 5.79 -9.571
v  5.994 5.79 -9.839
v  1.108 5.79 -10.378
v  0.949 5.79 -8.887
v  0 5.79 3.54535e-16
v  30.836 4.27157e-16 -6.976
v  30.852 4.3922e-16 -7.173
v  30.844 4.32913e-16 -7.07
v  30.072 0 0
v  30.18 6.062e-17 -0.99
v  30.694 3.47861e-16 -5.681
v  26.854 4.65917e-16 -7.609
v  21.043 5.04126e-16 -8.233
v  14.152 5.49377e-16 -8.972
v  11.838 5.64623e-16 -9.221
v  11.066 5.69706e-16 -9.304
v  8.584 5.86055e-16 -9.571
v  5.994 6.02465e-16 -9.839
v  1.108 6.35469e-16 -10.378
v  0 0 0
v  0.949 5.44172e-16 -8.887
v  1.36 0 0
v  10.073 0 0
v  20.164 0 0
v  30.024 0 0
v  29.011 5.79 -1.116
v  29.512 5.79 -5.809
v  26.155 5.79 -6.171
v  25.654 5.79 -1.478
v  5.09 5.79 -3.693
v  5.591 5.79 -8.386
v  2.293 5.79 -8.742
v  1.792 5.79 -4.049
v  20.382 5.79 -2.046
v  23.506 5.79 -1.709
v  24.007 5.79 -6.402
v  20.883 5.79 -6.739
v  10.406 5.79 -3.121
v  10.907 5.79 -7.814
v  7.858 5.79 -8.142
v  7.357 5.79 -3.449

# 0 UV coordinates

# 76 vertex normals
vn 0 1 0
vn 0.99435 -0 0.106152
vn 0.107321 0 -0.994224
vn -0.99435 0 -0.106152
vn -0.107321 0 0.994224
vn -4.22681e-24 -1 -6.12323e-17
vn -4.22681e-25 -1 -6.12323e-17
vn 0.99435 -0 0.106151
vn 0.107213 0 -0.994236
vn -0.99435 0 -0.106152
vn -0.107213 0 0.994236
vn 0 -1 -6.12323e-17
vn -2.07629e-24 -1 -6.12323e-17
vn 0.107252 0 -0.994232
vn -0.99435 0 -0.106151
vn -0.107252 0 0.994232
vn -3.12359e-24 -1 -6.12323e-17
vn 2.67736e-24 -1 -6.12323e-17
vn -0.106959 0 0.994263
vn 0.106959 0 -0.994263
vn -0.99435 0 -0.106152
vn -3.65774e-24 -1 -6.12323e-17
vn 1.69171e-23 -1 -6.12323e-17
vn 0.996399 -0 0.0847934
vn 0.996998 -0.000120351 0.0774313
vn 0.996718 0 0.0809459
vn 3.15983e-20 1 6.12349e-17
vn 0.994102 -6.64048e-18 0.108447
vn 0.994051 8.17192e-05 0.10892
vn 0.994042 0.000160861 0.108999
vn 0.994102 -0.00051214 0.108447
vn 0.994051 -1.80427e-05 0.10892
vn 0.994042 0 0.108999
vn 0.108412 0 -0.994106
vn 0.106769 0 -0.994284
vn 0.10663 0 -0.994299
vn 0.106988 0 -0.99426
vn 0.106897 0 -0.99427
vn 0.106958 8.14664e-06 -0.994264
vn 0.106897 -2.61984e-05 -0.99427
vn 0.106958 0 -0.994264
vn 0.102925 0 -0.994689
vn 0.10965 0 -0.99397
vn -0.994362 0 -0.106039
vn -0.994347 3.72153e-05 -0.106182
vn -0.994349 6.50049e-18 -0.106161
vn -2.19846e-19 -1 -6.12271e-17
vn 0 -6.12323e-17 1
vn 0 -6.12323e-17 1
vn 0 -6.12324e-17 1
vn -0.99435 0 -0.106151
vn -0.107213 0 0.994236
vn 0.99435 -0 0.106152
vn 0.107213 0 -0.994236
vn -0.99435 0 -0.106152
vn -0.107321 0 0.994224
vn 0.99435 -0 0.106152
vn 0.107321 0 -0.994224
vn 0.107252 0 -0.994232
vn -0.107252 0 0.994232
vn 0.99435 -0 0.106151
vn -0.106959 0 0.994263
vn 0.99435 -0 0.106152
vn 0.106959 0 -0.994263
vn 0 -1 -6.12323e-17
vn 1.2379e-23 -1 -6.12323e-17
vn 5.23881e-23 -1 -6.12323e-17
vn -1.1098e-22 -1 -6.12325e-17
vn 1.58798e-24 -1 -6.12323e-17
vn -2.18802e-24 -1 -6.12323e-17
vn 6.12344e-24 -1 -6.12323e-17
vn -3.46417e-23 -1 -6.12323e-17
vn 0 -1 -6.12323e-17
vn 5.21888e-23 -1 -6.12323e-17
vn 1.44283e-23 -1 -6.12323e-17
vn -2.37709e-23 -1 -6.12324e-17

# Mesh 'defaultobject' with 156 faces
g defaultobject
usemtl DefaultMaterial
f  1//1 2//1 3//1
f  2//1 1//1 4//1
f  5//2 2//2 4//2
f  2//2 5//2 6//2
f  6//3 3//3 2//3
f  3//3 6//3 7//3
f  7//4 1//4 3//4
f  1//4 7//4 8//4
f  8//5 4//5 1//5
f  4//5 8//5 5//5
f  8//6 6//6 5//6
f  6//6 8//6 7//7
f  9//1 10//1 11//1
f  10//1 9//1 12//1
f  13//8 10//8 12//8
f  10//8 13//8 14//8
f  14//9 11//9 10//9
f  11//9 14//9 15//9
f  15//10 9//10 11//10
f  9//10 15//10 16//10
f  16//11 12//11 9//11
f  12//11 16//11 13//11
f  16//12 14//12 13//12
f  14//12 16//12 15//13
f  17//1 18//1 19//1
f  18//1 17//1 20//1
f  21//8 18//8 20//8
f  18//8 21//8 22//8
f  22//14 19//14 18//14
f  19//14 22//14 23//14
f  23//15 17//15 19//15
f  17//15 23//15 24//15
f  24//16 20//16 17//16
f  20//16 24//16 21//16
f  24//17 22//17 21//17
f  22//17 24//17 23//18
f  25//1 26//1 27//1
f  26//1 25//1 28//1
f  29//19 28//19 25//19
f  28//19 29//19 30//19
f  30//8 26//8 28//8
f  26//8 30//8 31//8
f  31//20 27//20 26//20
f  27//20 31//20 32//20
f  32//21 25//21 27//21
f  25//21 32//21 29//21
f  29//22 31//22 30//22
f  31//22 29//22 32//23
f  33//1 34//1 35//1
f  34//1 33//1 36//1
f  36//1 33//1 37//1
f  36//1 37//1 38//1
f  36//1 38//1 39//1
f  36//1 39//1 40//1
f  36//1 40//1 41//1
f  36//1 41//1 42//1
f  36//1 42//1 43//1
f  43//1 42//1 44//1
f  43//1 44//1 45//1
f  43//1 45//1 46//1
f  43//1 46//1 47//1
f  47//1 46//1 48//1
f  47//1 48//1 49//1
f  47//1 49//1 50//1
f  47//1 50//1 51//1
f  47//1 51//1 52//1
f  53//24 39//24 38//24
f  39//25 53//25 40//25
f  40//26 53//26 54//26
f  54//27 53//27 55//27
f  56//28 33//28 35//28
f  33//29 56//29 37//29
f  37//30 56//30 38//30
f  38//31 56//31 57//31
f  38//32 57//32 58//32
f  38//33 58//33 53//33
f  54//34 41//34 40//34
f  41//34 54//34 59//34
f  41//35 59//35 42//35
f  42//35 59//35 60//35
f  42//36 60//36 44//36
f  44//36 60//36 61//36
f  44//37 61//37 45//37
f  45//37 61//37 62//37
f  45//38 62//38 46//38
f  46//39 62//39 48//39
f  48//40 62//40 63//40
f  48//39 63//41 64//41
f  48//42 64//42 49//42
f  49//42 64//42 65//42
f  49//43 65//43 50//43
f  50//43 65//43 66//43
f  66//44 51//44 50//44
f  51//45 66//45 52//45
f  52//46 66//46 67//46
f  67//47 66//47 68//47
f  67//48 47//48 52//48
f  47//48 67//48 43//49
f  43//49 67//48 69//50
f  43//49 69//50 70//49
f  43//49 70//49 36//48
f  36//48 70//49 71//48
f  36//48 71//48 34//49
f  34//49 71//48 72//49
f  34//49 72//49 35//48
f  35//48 72//49 56//48
f  14//51 73//51 74//51
f  73//51 14//51 13//51
f  15//52 74//52 75//52
f  74//52 15//52 14//52
f  16//53 75//53 76//53
f  75//53 16//53 15//53
f  13//54 76//54 73//54
f  76//54 13//54 16//54
f  6//55 77//55 78//55
f  77//55 6//55 5//55
f  7//56 78//56 79//56
f  78//56 7//56 6//56
f  8//57 79//57 80//57
f  79//57 8//57 7//57
f  5//58 80//58 77//58
f  80//58 5//58 8//58
f  21//59 81//59 82//59
f  81//59 21//59 24//59
f  22//51 82//51 83//51
f  82//51 22//51 21//51
f  23//60 83//60 84//60
f  83//60 23//60 22//60
f  24//61 84//61 81//61
f  84//61 24//61 23//61
f  31//51 85//51 86//51
f  85//51 31//51 30//51
f  32//62 86//62 87//62
f  86//62 32//62 31//62
f  29//63 87//63 88//63
f  87//63 29//63 32//63
f  30//64 88//64 85//64
f  88//64 30//64 29//64
f  72//65 57//65 56//65
f  57//65 72//65 71//12
f  57//65 71//12 58//65
f  58//65 71//12 53//66
f  53//66 71//12 55//67
f  55//67 71//12 54//68
f  54//68 71//12 59//69
f  59//69 71//12 60//70
f  60//70 71//12 70//12
f  60//70 70//12 61//71
f  61//71 70//12 62//72
f  62//72 70//12 69//73
f  62//72 69//73 63//74
f  63//74 69//73 64//75
f  64//75 69//73 65//76
f  65//76 69//73 66//47
f  66//47 69//73 68//47
f  68//47 69//73 67//47

