# {"id":"_3788","idOriginal":"_3788","origin":[14.295659579846594,48.30882755432809],"elevation":256}
# Longitude: 14.295659579846594
# Latitude: 48.30882755432809
# Elevation: 256

# File produced by Open Asset Import Library (http://www.assimp.sf.net)
# (assimp v3.1.0)

mtllib _3788.obj.mtl

# 26 vertex positions
v  26.153 20.494 15.388
v  25.289 20.494 16.304
v  25.482 20.494 16.428
v  0.671 20.494 -1.04
v  25.215 20.494 16.256
v  0 20.494 1.2549e-15
v  0 0 0
v  25.215 -9.95393e-16 16.256
v  25.289 -9.98332e-16 16.304
v  25.482 -1.00592e-15 16.428
v  26.153 -9.42243e-16 15.388
v  0.671 6.36816e-17 -1.04
v  7.088 20.72 -10.993
v  13.548 20.72 -8.391
v  7.799 20.72 -12.097
v  32.569 20.72 5.434
v  33.281 20.72 4.33
v  7.088 6.73127e-16 -10.993
v  32.569 -3.32737e-16 5.434
v  33.281 -2.65136e-16 4.33
v  13.548 5.13801e-16 -8.391
v  7.799 7.40728e-16 -12.097
v  7.088 23.494 -10.993
v  26.153 23.494 15.388
v  32.569 23.494 5.434
v  0.671 23.494 -1.04

# 0 UV coordinates

# 27 vertex normals
vn 0 1 0
vn -0.54185 -5.14642e-17 0.840475
vn -0.54185 0 0.840475
vn -0.544197 0 0.838958
vn -0.540531 -1.8777e-05 0.841324
vn -0.544197 4.88358e-05 0.838957
vn -0.540531 0 0.841324
vn 0.840285 -0 0.542145
vn 0.541847 0 -0.840477
vn -0.840285 0 -0.542145
vn -0.840285 3.31968e-17 -0.542145
vn -6.40946e-22 -1 -6.12328e-17
vn -5.07742e-23 -1 -6.12322e-17
vn 1.6645e-20 -1 -6.1237e-17
vn 2.85147e-24 -1 -6.12323e-17
vn -0.541839 0 0.840482
vn 0.840387 -0 0.541987
vn 0.541827 0 -0.84049
vn 0.541814 0 -0.840499
vn -0.840733 0 -0.54145
vn -1.06383e-23 -1 -6.12323e-17
vn 1.88479e-22 -1 -6.12324e-17
vn -3.43289e-24 -1 -6.12323e-17
vn -0.541847 0 0.840477
vn 0.840525 -0 0.541773
vn 0.541839 0 -0.840482
vn -0.840462 0 -0.541871

# Mesh 'defaultobject' with 48 faces
g defaultobject
usemtl DefaultMaterial
f  1//1 2//1 3//1
f  2//1 1//1 4//1
f  2//1 4//1 5//1
f  5//1 4//1 6//1
f  7//2 5//2 6//2
f  5//2 7//2 8//3
f  5//4 8//4 2//4
f  2//5 8//5 3//5
f  3//6 8//6 9//6
f  3//7 9//7 10//7
f  10//8 1//8 3//8
f  1//8 10//8 11//8
f  11//9 4//9 1//9
f  4//9 11//9 12//9
f  12//10 6//10 4//10
f  6//10 12//10 7//11
f  9//12 11//12 10//12
f  11//12 9//12 12//13
f  12//13 9//12 8//14
f  12//13 8//14 7//15
f  13//1 14//1 15//1
f  14//1 13//1 16//1
f  14//1 16//1 17//1
f  18//16 16//16 13//16
f  16//16 18//16 19//16
f  19//17 17//17 16//17
f  17//17 19//17 20//17
f  20//18 14//18 17//18
f  14//18 20//18 21//18
f  14//19 21//19 15//19
f  15//19 21//19 22//19
f  22//20 13//20 15//20
f  13//20 22//20 18//20
f  22//21 19//21 18//21
f  19//21 22//21 21//22
f  19//21 21//22 20//23
f  23//1 24//1 25//1
f  24//1 23//1 26//1
f  12//24 24//24 26//24
f  24//24 12//24 11//24
f  11//25 25//25 24//25
f  25//25 11//25 19//25
f  19//26 23//26 25//26
f  23//26 19//26 18//26
f  18//27 26//27 23//27
f  26//27 18//27 12//27
f  18//21 11//12 12//13
f  11//12 18//21 19//21

