# {"id":"ID_12069","idOriginal":"ID_12069","origin":[14.357793289867297,48.25842047016084],"elevation":250.3}
# Longitude: 14.357793289867297
# Latitude: 48.25842047016084
# Elevation: 250.3

# File produced by Open Asset Import Library (http://www.assimp.sf.net)
# (assimp v3.1.0)

mtllib ID_12069.obj.mtl

# 46 vertex positions
v  7.734 11.48 -0.347
v  15.731 11.184 5.036
v  15.469 11.184 -0.693
v  15.736 11.184 5.152
v  8.002 11.48 5.498
v  0.051 11.184 1.127
v  0 11.184 6.84822e-16
v  0.157 11.184 3.439
v  0.268 11.184 5.845
v  0.268 -3.57903e-16 5.845
v  15.736 -3.15469e-16 5.152
v  8.002 -3.36655e-16 5.498
v  15.469 4.2434e-17 -0.693
v  15.731 -3.08366e-16 5.036
v  0 0 0
v  7.734 2.12476e-17 -0.347
v  0.264 11.184 5.761
v  0.051 -6.90088e-17 1.127
v  0.157 -2.10578e-16 3.439
v  0.264 -3.52759e-16 5.761
v  15.842 12.136 7.46
v  8.143 11.707 8.576
v  15.877 11.707 8.229
v  15.736 13.427 5.152
v  8.002 13.427 5.498
v  0.409 11.707 8.922
v  0.268 13.427 5.845
v  0.375 12.12 8.182
v  0.409 -5.46315e-16 8.922
v  0.375 -5.01003e-16 8.182
v  15.877 -5.03881e-16 8.229
v  8.143 -5.25129e-16 8.576
v  15.842 -4.56793e-16 7.46
v  15.877 11.184 8.229
v  8.375 11.48 13.639
v  16.109 11.184 13.292
v  8.143 11.48 8.576
v  0.478 11.184 10.437
v  0.409 11.184 8.922
v  0.584 11.184 12.762
v  0.641 11.184 13.986
v  0.641 -8.56396e-16 13.986
v  8.375 -8.35148e-16 13.639
v  16.109 -8.139e-16 13.292
v  0.584 -7.81447e-16 12.762
v  0.478 -6.39082e-16 10.437

# 0 UV coordinates

# 79 vertex normals
vn 0.0381616 0.99927 -0.00174521
vn 0.0380921 0.999273 -0.00164194
vn 0.0381663 0.99927 -0.00174997
vn -0.0381671 0.99927 0.00172717
vn -0.0381627 0.99927 0.0017498
vn -0.0381627 0.99927 0.00174968
vn -0.0381656 0.99927 0.00176076
vn 0.0448217 -0 0.998995
vn 0.0446961 8.48317e-05 0.999001
vn 0.0447573 0 0.998998
vn 2.13926e-22 -1 -6.12307e-17
vn 0.999072 0 -0.0430644
vn 0.998956 -2.72279e-05 -0.0456845
vn 0.998958 0 -0.0456325
vn 0 1 6.12366e-17
vn -0.0446871 0 -0.999001
vn -0.0448183 -8.8636e-05 -0.998995
vn -0.0447544 6.1171e-17 -0.998998
vn 0 1 6.12336e-17
vn -0.998978 -2.76811e-18 0.0452066
vn -0.998951 -5.98811e-05 0.0457996
vn -0.99894 -0.000131515 0.0460321
vn -0.998868 -0.000922911 0.0475652
vn -0.99895 0 0.045803
vn 0 1 6.12319e-17
vn 0 1 6.12331e-17
vn 4.13579e-20 1 6.12304e-17
vn 3.78836e-25 -1 -6.12323e-17
vn 2.21574e-24 -1 -6.12323e-17
vn 4.67418e-24 -1 -6.12323e-17
vn 5.68378e-20 -1 -6.1235e-17
vn 0.0218192 0.873513 0.486311
vn 0.0219917 0.872963 0.48729
vn 0.0217842 0.873168 0.486932
vn 0.0217841 0.873168 0.486932
vn 0.0218524 0.873101 0.48705
vn -0.983123 0.136769 0.121501
vn -0.998954 0 0.0457373
vn -0.998947 -2.79601e-05 0.045882
vn -0.998952 0 0.0457758
vn -9.51985e-20 1 6.12379e-17
vn 0.0446928 -0 0.999001
vn 0.0448217 -8.53654e-05 0.998995
vn 0.0447573 0 0.998998
vn -2.566e-21 1 6.11735e-17
vn 0.998947 0 -0.0458788
vn 0.998964 -7.10635e-05 -0.0455059
vn 0.998952 0 -0.0457757
vn 0 1 6.12312e-17
vn -0.0448217 0 -0.998995
vn -0.0446928 -7.44007e-05 -0.999001
vn -0.0448217 7.44002e-05 -0.998995
vn -0.0446928 0 -0.999001
vn -2.49837e-24 -1 -6.12323e-17
vn 4.43862e-24 -1 -6.12323e-17
vn 9.52062e-20 -1 -6.12414e-17
vn 0.0381661 0.99927 -0.00174887
vn 0.0381661 0.99927 -0.00174887
vn -0.0381668 0.99927 0.00173829
vn -0.0381642 0.99927 0.00174879
vn -0.0381606 0.99927 0.00173979
vn -0.0381648 0.99927 0.00177728
vn 0.0448218 -5.23036e-09 0.998995
vn 0.0448217 5.50722e-09 0.998995
vn 0.0448218 0 0.998995
vn 0.998952 0 -0.0457745
vn -0.0448217 0 -0.998995
vn -0.044696 8.48657e-05 -0.999001
vn -0.0447573 -0 -0.998998
vn -0.998964 0 0.0454974
vn -0.998962 -6.34349e-06 0.0455441
vn -0.998917 -0.000341502 0.0465182
vn -0.998963 0.000108859 0.0455257
vn -0.998917 0 0.0465182
vn 3.20642e-19 1 6.12226e-17
vn -9.7817e-24 -1 -6.12323e-17
vn 5.3968e-24 -1 -6.12323e-17
vn -2.26241e-20 -1 -6.12322e-17
vn -3.20642e-19 -1 -6.12226e-17

# Mesh 'defaultobject' with 90 faces
g defaultobject
usemtl DefaultMaterial
f  1//1 2//1 3//1
f  2//2 1//2 4//2
f  4//3 1//1 5//3
f  6//4 1//4 7//4
f  1//5 6//5 5//5
f  5//5 6//5 8//6
f  5//7 8//7 9//7
f  10//8 5//8 9//8
f  5//9 10//9 4//9
f  4//10 10//10 11//10
f  11//11 10//11 12//11
f  11//12 2//12 4//12
f  2//13 11//13 3//13
f  3//14 11//14 13//14
f  13//15 11//15 14//15
f  13//16 1//16 3//16
f  1//17 13//17 7//17
f  7//18 13//18 15//18
f  15//19 13//15 16//19
f  15//20 6//20 7//20
f  6//21 15//21 8//21
f  8//22 15//22 17//22
f  17//23 15//23 9//23
f  9//24 15//24 10//24
f  10//25 15//19 18//25
f  10//25 18//25 19//26
f  10//25 19//26 20//27
f  16//28 18//28 15//28
f  18//28 16//28 19//29
f  19//29 16//28 10//11
f  10//11 16//28 12//11
f  12//11 16//28 13//30
f  12//11 13//30 11//11
f  11//11 13//30 14//31
f  21//32 22//32 23//32
f  22//33 21//33 24//33
f  22//34 24//34 25//34
f  22//34 25//34 26//35
f  26//36 25//36 27//36
f  26//37 27//37 28//37
f  10//38 28//38 27//38
f  28//39 10//39 26//39
f  26//40 10//40 29//40
f  29//41 10//25 30//41
f  29//42 22//42 26//42
f  22//43 29//43 23//43
f  23//44 29//44 31//44
f  31//45 29//41 32//45
f  21//46 11//46 24//46
f  11//47 21//47 23//47
f  11//48 23//48 31//48
f  11//15 31//45 33//49
f  25//50 10//50 27//50
f  10//51 25//51 24//51
f  10//52 24//52 12//52
f  12//53 24//53 11//53
f  32//54 33//54 31//54
f  33//54 32//54 11//11
f  11//11 32//54 12//11
f  12//11 32//54 29//55
f  12//11 29//55 10//11
f  10//11 29//55 30//56
f  34//57 35//57 36//57
f  35//57 34//57 37//58
f  38//59 37//59 39//59
f  37//60 38//60 35//60
f  35//60 38//60 40//61
f  35//62 40//62 41//62
f  42//8 35//8 41//8
f  35//8 42//8 36//63
f  36//63 42//8 43//64
f  36//63 43//64 44//65
f  44//66 34//66 36//66
f  34//66 44//66 31//48
f  31//67 37//67 34//67
f  37//68 31//68 39//68
f  39//69 31//69 29//69
f  29//55 31//54 32//54
f  29//70 38//70 39//70
f  38//71 29//71 40//71
f  40//72 29//72 41//72
f  41//73 29//73 45//73
f  41//74 45//74 42//74
f  45//75 29//41 46//75
f  43//76 31//54 44//76
f  31//54 43//76 32//54
f  32//54 43//76 42//77
f  32//54 42//77 29//55
f  29//55 42//77 45//78
f  29//55 45//78 46//79

