# File produced by Open Asset Import Library (http://www.assimp.sf.net)
# (assimp v3.1.0)

mtllib ID_21232.obj.mtl

# 37 vertex positions
v  13.136 11.815 3.707
v  9.476 10.729 7.328
v  13.75 10.729 6.327
v  12.723 12.604 1.794
v  8.436 12.604 2.798
v  2.119 10.729 9.05
v  1.06 12.604 4.525
v  7.46 10.689 -1.849
v  11.694 12.072 0.681
v  10.915 10.689 -2.658
v  12.44 12.062 0.481
v  7.483 10.729 -1.752
v  7.396 10.729 -1.732
v  0 10.729 6.56962e-16
v  2.119 -5.54153e-16 9.05
v  13.75 -3.87417e-16 6.327
v  9.476 -4.48711e-16 7.328
v  13.136 -2.26988e-16 3.707
v  12.44 -2.94528e-17 0.481
v  12.723 -1.09851e-16 1.794
v  11.694 -4.16992e-17 0.681
v  10.915 1.62756e-16 -2.658
v  7.46 1.13219e-16 -1.849
v  7.483 1.07279e-16 -1.752
v  0 0 0
v  7.396 1.06054e-16 -1.732
v  1.06 -2.77076e-16 4.525
v  6.287 8.08 -6.859
v  10.915 10.806 -2.658
v  9.745 8.08 -7.669
v  6.438 8.432 -6.212
v  6.805 9.284 -4.646
v  7.46 10.806 -1.849
v  6.287 4.19993e-16 -6.859
v  6.438 3.80375e-16 -6.212
v  6.805 2.84485e-16 -4.646
v  9.745 4.69591e-16 -7.669

# 0 UV coordinates

# 57 vertex normals
vn 0.0853408 0.927331 0.364382
vn 0.0850768 0.927446 0.36415
vn 0.0853093 0.92738 0.364264
vn 0.0852632 0.92738 0.364275
vn 0.0852976 0.927365 0.364305
vn -0.0852849 0.927397 -0.364227
vn -0.085269 0.927324 -0.364416
vn -0.0853328 0.927339 -0.364364
vn -0.085283 0.92737 -0.364296
vn -0.0867528 0.928077 -0.362142
vn -0.0838166 0.927381 -0.364607
vn -0.0853039 0.92738 -0.364265
vn -0.0852939 0.927372 -0.36429
vn 0.227903 -0 0.973684
vn 0.228036 -9.61336e-05 0.973653
vn 0.227952 0 0.973672
vn -5.84574e-21 1 6.11932e-17
vn 0.973621 0 -0.228169
vn 0.973621 0 -0.228169
vn 0.977515 0.00041978 -0.210864
vn 0.977509 0 -0.210895
vn -5.94736e-20 -1 -6.1228e-17
vn 0.973848 0 -0.227202
vn 0.973848 0 -0.227202
vn -0.258952 0 -0.96589
vn -0.258952 0 -0.96589
vn -0.227987 0 -0.973664
vn -0.224041 0 -0.97458
vn -0.228012 -3.39142e-05 -0.973658
vn -0.227966 5.962e-17 -0.973669
vn -4.78709e-21 1 6.12174e-17
vn -0.973022 0 0.230714
vn -0.973022 0 0.230714
vn -0.973666 0.0002596 0.227978
vn -0.973666 0 0.227978
vn -0.97369 -9.07568e-05 0.227876
vn -0.973642 0 0.22808
vn 1.8707e-23 -1 -6.12322e-17
vn 0 -1 -6.12323e-17
vn 0 -1 -6.12323e-17
vn 3.29378e-24 -1 -6.12323e-17
vn 5.84574e-21 -1 -6.11698e-17
vn -0.106763 0.883663 -0.455787
vn -0.106701 0.883642 -0.455842
vn -0.106796 0.883679 -0.455747
vn -0.106737 0.883639 -0.45584
vn -0.973659 0 0.228011
vn -0.973626 4.41578e-05 0.22815
vn -0.973789 -0.000337198 0.227451
vn -0.973669 0 0.227967
vn -8.74708e-20 1 6.12514e-17
vn 1.37959e-19 -1 -6.12882e-17
vn 0.227987 -0 0.973664
vn 0.973808 0 -0.227371
vn 0.973808 0 -0.227371
vn -0.228066 0 -0.973646
vn -5.79548e-24 -1 -6.12323e-17

# Mesh 'defaultobject' with 70 faces
g defaultobject
usemtl DefaultMaterial
f  1//1 2//1 3//1
f  2//2 1//2 4//2
f  2//3 4//3 5//3
f  2//4 5//4 6//4
f  6//5 5//5 7//5
f  8//6 9//6 10//6
f  9//7 4//7 11//7
f  4//8 9//8 5//8
f  5//9 9//9 12//9
f  12//10 9//10 8//10
f  5//11 12//11 13//11
f  5//12 13//12 14//12
f  5//13 14//13 7//13
f  15//14 2//14 6//14
f  2//15 15//15 3//15
f  3//16 15//16 16//16
f  16//17 15//17 17//17
f  3//18 18//18 1//18
f  18//18 3//18 16//19
f  1//20 11//20 4//20
f  11//21 1//21 18//21
f  11//21 18//21 19//21
f  19//22 18//22 20//22
f  21//23 10//23 9//23
f  10//23 21//23 22//24
f  11//25 21//25 9//25
f  21//25 11//25 19//26
f  22//27 8//27 10//27
f  8//27 22//27 23//27
f  24//28 13//28 12//28
f  13//29 24//29 14//29
f  14//30 24//30 25//30
f  25//31 24//31 26//31
f  8//32 24//32 12//32
f  24//32 8//32 23//33
f  14//34 6//34 7//34
f  6//35 14//35 15//35
f  15//36 14//36 27//36
f  27//37 14//37 25//37
f  22//38 24//38 23//38
f  26//39 27//39 25//39
f  27//39 26//39 24//38
f  27//39 24//38 22//38
f  27//39 22//38 21//40
f  27//39 21//40 15//39
f  15//39 21//40 19//22
f  15//39 19//22 20//22
f  15//39 20//22 18//22
f  15//39 18//22 16//41
f  15//39 16//41 17//42
f  28//43 29//43 30//43
f  29//44 28//44 31//44
f  29//45 31//45 32//45
f  29//46 32//46 33//46
f  32//47 23//47 33//47
f  23//48 32//48 31//48
f  23//49 31//49 28//49
f  23//50 28//50 34//50
f  23//51 34//51 35//51
f  23//38 35//52 36//52
f  23//53 29//53 33//53
f  29//53 23//53 22//53
f  22//54 30//54 29//54
f  30//54 22//54 37//55
f  37//56 28//56 30//56
f  28//56 37//56 34//56
f  36//52 22//38 23//38
f  22//38 36//52 37//57
f  37//57 36//52 35//52
f  37//57 35//52 34//40

