# File produced by Open Asset Import Library (http://www.assimp.sf.net)
# (assimp v3.1.0)

mtllib ID_47546.obj.mtl

# 18 vertex positions
v  6.081 2.158 0.887
v  4.137 2.148 3.34
v  6.103 2.148 0.905
v  3.9 2.703 1.12
v  0 2.148 1.31527e-16
v  2.22 2.703 -0.237
v  4.254 2.158 -0.588
v  2.407 2.122 -2.209
v  1.984 2.148 -2.457
v  2.03 2.122 -2.514
v  2.407 1.35262e-16 -2.209
v  2.03 1.53938e-16 -2.514
v  4.254 3.60046e-17 -0.588
v  6.103 -5.54153e-17 0.905
v  6.081 -5.43131e-17 0.887
v  0 0 0
v  1.984 1.50448e-16 -2.457
v  4.137 -2.04516e-16 3.34

# 0 UV coordinates

# 27 vertex normals
vn 0.25821 0.943327 0.208476
vn 0.258001 0.94342 0.208312
vn -0.208369 0.943383 0.258091
vn -0.208326 0.943441 0.257913
vn 0.208208 0.943472 -0.257896
vn 0.208295 0.943459 -0.257874
vn 0.208219 0.943386 -0.2582
vn 0.209263 0.943197 -0.258045
vn 0.210399 0.942389 -0.260067
vn -0.258092 0.943374 -0.208407
vn 0.628961 0 -0.777437
vn 0.659627 0 -0.751593
vn 0.628061 -0.0185408 -0.777943
vn 0.628229 0 -0.778028
vn 0.628229 0 -0.778028
vn 0 1 6.12233e-17
vn -0.778018 0.000801783 -0.628241
vn -0.778023 0 -0.628236
vn -0.778023 3.84684e-17 -0.628236
vn 0 -1 -6.11427e-17
vn -0.628175 -4.76432e-17 0.778072
vn -0.628175 0 0.778072
vn 0.778055 -0 0.628196
vn 0 -1 -6.12323e-17
vn 0 -1 -6.12323e-17
vn -1.42221e-23 -1 -6.12323e-17
vn 0 -1 -6.12323e-17

# Mesh 'defaultobject' with 31 faces
g defaultobject
usemtl DefaultMaterial
f  1//1 2//1 3//1
f  2//2 1//2 4//2
f  4//3 5//3 2//3
f  5//4 4//4 6//4
f  7//5 4//5 1//5
f  4//6 7//6 6//6
f  6//7 7//7 8//7
f  6//8 8//8 9//8
f  9//9 8//9 10//9
f  6//10 9//10 5//10
f  11//11 10//11 8//11
f  10//11 11//11 12//11
f  13//12 8//12 7//12
f  8//12 13//12 11//12
f  3//13 7//13 1//13
f  7//14 3//14 14//14
f  7//14 14//14 13//15
f  13//16 14//16 15//16
f  10//17 5//17 9//17
f  5//18 10//18 12//18
f  5//18 12//18 16//19
f  16//20 12//20 17//20
f  16//21 2//21 5//21
f  2//21 16//21 18//22
f  18//23 3//23 2//23
f  3//23 18//23 14//23
f  11//24 17//20 12//20
f  17//20 11//24 16//20
f  16//20 11//24 18//25
f  18//25 11//24 13//26
f  18//25 13//26 14//27

