# {"id":"ID_52457","idOriginal":"ID_52457","origin":[14.338271383550989,48.24086314109938],"elevation":284.288,"wof":[{"Id":85681677,"Name":"Oberösterreich","Placetype":"region","Offset":-1},{"Id":85898417,"Name":"Ebelsberg","Placetype":"neighbourhood","Offset":-1},{"Id":102049853,"Name":"Linz","Placetype":"county","Offset":-1},{"Id":85632785,"Name":"Austria","Placetype":"country","Offset":-1}]}

# Attribution: City of Linz <http://geo.data.linz.gv.at/katalog/geodata/3d_geo_daten_lod2/>
# Longitude: 14.338271383550989
# Latitude: 48.24086314109938
# Elevation: 284.288

# File produced by Open Asset Import Library (http://www.assimp.sf.net)
# (assimp v3.1.0)


# 12 vertex positions
v  0.891 9.332 -2.467
v  4.028 9.332 -1.611
v  0.98 9.332 -2.713
v  4.398 9.332 -1.477
v  3.417 9.332 1.235
v  0 9.332 5.7142e-16
v  3.417 -7.56219e-17 1.235
v  4.398 9.04402e-17 -1.477
v  0.98 1.66123e-16 -2.713
v  4.028 9.86453e-17 -1.611
v  0 0 0
v  0.891 1.5106e-16 -2.467

# 0 UV coordinates

# 16 vertex normals
vn -0 1 0
vn 0.940369 -0 0.340156
vn 0.340519 0 -0.940238
vn 0.340008 -2.28893e-05 -0.940422
vn 0.340064 0 -0.940402
vn 9.55771e-21 1 6.11693e-17
vn -0.94035 0 -0.340208
vn -0.940537 -1.54049e-05 -0.339691
vn -0.94052 2.0803e-17 -0.339738
vn -1.40446e-19 1 6.12343e-17
vn -0.339908 -5.75865e-17 0.940459
vn -0.339908 0 0.940459
vn 7.80464e-24 -1 -6.12324e-17
vn 0 -1 -6.12323e-17
vn 1.16523e-23 -1 -6.12323e-17
vn 1.26306e-24 -1 -6.12323e-17

# Mesh 'defaultobject' with 20 faces
g defaultobject
usemtl DefaultMaterial
f  1//1 2//1 3//1
f  2//1 1//1 4//1
f  4//1 1//1 5//1
f  5//1 1//1 6//1
f  7//2 4//2 5//2
f  4//2 7//2 8//2
f  8//3 2//3 4//3
f  2//4 8//4 3//4
f  3//5 8//5 9//5
f  9//6 8//6 10//6
f  9//7 1//7 3//7
f  1//8 9//8 6//8
f  6//9 9//9 11//9
f  11//10 9//6 12//10
f  11//11 5//11 6//11
f  5//11 11//11 7//12
f  10//13 12//13 9//13
f  12//13 10//13 11//14
f  11//14 10//13 8//15
f  11//14 8//15 7//16

