# {"id":"ID_4351","idOriginal":"ID_4351","origin":[14.270700346822418,48.31333093437245],"elevation":285.519}
# Longitude: 14.270700346822418
# Latitude: 48.31333093437245
# Elevation: 285.519

# File produced by Open Asset Import Library (http://www.assimp.sf.net)
# (assimp v3.1.0)

mtllib ID_4351.obj.mtl

# 16 vertex positions
v  22.769 40.743 -17.323
v  16.387 40.743 4.854
v  23.088 40.743 -17.226
v  6.734 40.743 -22.189
v  0 40.743 2.49479e-15
v  15.005 40.743 4.553
v  16.354 40.743 4.963
v  11.521 40.743 3.496
v  16.354 -3.03896e-16 4.963
v  15.005 -2.78791e-16 4.553
v  0 0 0
v  11.521 -2.14068e-16 3.496
v  23.088 1.05479e-15 -17.226
v  16.387 -2.97222e-16 4.854
v  6.734 1.35868e-15 -22.189
v  22.769 1.06073e-15 -17.323

# 0 UV coordinates

# 22 vertex normals
vn 0 1 -0
vn -0.290795 0 0.956786
vn -0.29032 1.71681e-05 0.95693
vn -0.290372 1.04673e-05 0.956914
vn -0.290795 -0.000174972 0.956785
vn -0.29036 0 0.956918
vn 2.23475e-20 1 6.11427e-17
vn 0.9571 -0 0.289757
vn 0.956903 1.90235e-06 0.290408
vn 0.956904 0 0.290405
vn 0 -1 -6.12046e-17
vn 0.290923 0 -0.956746
vn 0.290385 -4.60209e-06 -0.95691
vn 0.290395 0 -0.956907
vn -6.73679e-20 1 6.14395e-17
vn -0.956904 0 -0.290405
vn -0.956904 1.77822e-17 -0.290405
vn 0 -1 -6.12325e-17
vn -7.66718e-24 -1 -6.12323e-17
vn -1.03664e-22 -1 -6.12323e-17
vn 0 -1 -6.12324e-17
vn -1.21359e-23 -1 -6.12323e-17

# Mesh 'defaultobject' with 28 faces
g defaultobject
usemtl DefaultMaterial
f  1//1 2//1 3//1
f  2//1 1//1 4//1
f  2//1 4//1 5//1
f  2//1 5//1 6//1
f  2//1 6//1 7//1
f  6//1 5//1 8//1
f  6//2 9//2 7//2
f  9//3 6//3 8//3
f  9//4 8//4 5//4
f  9//5 5//5 10//5
f  10//6 5//6 11//6
f  10//7 11//7 12//7
f  9//8 2//8 7//8
f  2//9 9//9 3//9
f  3//9 9//9 13//10
f  13//11 9//11 14//11
f  13//12 1//12 3//12
f  1//13 13//13 4//13
f  4//14 13//14 15//14
f  15//15 13//15 16//15
f  15//16 5//16 4//16
f  5//16 15//16 11//17
f  14//11 16//18 13//11
f  16//18 14//11 15//19
f  15//19 14//11 9//11
f  15//19 9//11 10//20
f  15//19 10//20 12//21
f  15//19 12//21 11//22

