# {"id":"ID_9652","idOriginal":"ID_9652","origin":[14.27133645913257,48.31256775480538],"elevation":286.938}
# Longitude: 14.27133645913257
# Latitude: 48.31256775480538
# Elevation: 286.938

# File produced by Open Asset Import Library (http://www.assimp.sf.net)
# (assimp v3.1.0)

mtllib ID_9652.obj.mtl

# 18 vertex positions
v  11.555 14.039 2.987
v  10.906 15.757 -18.355
v  5.787 15.757 1.496
v  13.702 14.035 -5.281
v  14.899 14.032 -9.89
v  16.707 14.029 -16.855
v  5.119 14.033 -19.851
v  0.86 14.289 0.222
v  0 14.033 8.59273e-16
v  11.555 -1.82901e-16 2.987
v  5.787 -9.16036e-17 1.496
v  0 0 0
v  0.86 -1.35936e-17 0.222
v  13.702 3.23368e-16 -5.281
v  16.707 1.03207e-15 -16.855
v  14.899 6.05588e-16 -9.89
v  5.119 1.21552e-15 -19.851
v  10.906 1.12392e-15 -18.355

# 0 UV coordinates

# 29 vertex normals
vn 0.268304 0.960847 0.0691878
vn 0.268242 0.960864 0.0691911
vn 0.26854 0.960786 0.069117
vn 0.268312 0.960841 0.0692357
vn -0.268352 0.960832 -0.0692002
vn -0.268384 0.960823 -0.0691984
vn -0.268178 0.960884 -0.0691554
vn -0.250269 0 0.968176
vn -0.250334 -2.55753e-05 0.968159
vn -0.250011 0.000232407 0.968243
vn -0.250269 6.13707e-06 0.968176
vn -0.250283 0 0.968173
vn 0 -1 -6.12171e-17
vn 0.967899 -0 0.25134
vn 0.967891 1.91423e-05 0.25137
vn 0.967921 -9.23917e-05 0.251256
vn 0.967899 3.35509e-05 0.25134
vn 0.967909 0 0.251302
vn 1.04986e-19 1 6.12329e-17
vn 0.250342 0 -0.968157
vn 0.250289 -2.10603e-05 -0.968171
vn 0.250313 0 -0.968165
vn -7.21549e-20 1 6.1476e-17
vn -0.968323 0 -0.249702
vn -0.968323 1.52899e-17 -0.249702
vn 0 -1 -6.12323e-17
vn -1.48413e-23 -1 -6.12324e-17
vn 1.33318e-23 -1 -6.12324e-17
vn 0 -1 -6.12323e-17

# Mesh 'defaultobject' with 32 faces
g defaultobject
usemtl DefaultMaterial
f  1//1 2//1 3//1
f  2//2 1//2 4//2
f  2//3 4//3 5//3
f  2//4 5//4 6//4
f  7//5 3//5 2//5
f  3//6 7//6 8//6
f  8//7 7//7 9//7
f  3//8 10//8 1//8
f  10//9 3//9 8//9
f  10//10 8//10 9//10
f  10//8 9//11 11//11
f  11//12 9//12 12//12
f  11//13 12//13 13//13
f  10//14 4//14 1//14
f  4//15 10//15 5//15
f  5//16 10//16 6//16
f  6//17 10//17 14//17
f  6//18 14//18 15//18
f  15//19 14//19 16//19
f  15//20 2//20 6//20
f  2//21 15//21 7//21
f  7//22 15//22 17//22
f  17//23 15//19 18//23
f  17//24 9//24 7//24
f  9//24 17//24 12//25
f  16//26 18//26 15//26
f  18//26 16//26 14//27
f  18//26 14//27 17//28
f  17//28 14//27 10//29
f  17//28 10//29 13//13
f  17//28 13//13 12//13
f  13//13 10//29 11//13

