# {"id":"ID_7787","idOriginal":"ID_7787","origin":[14.326054161206438,48.24706694772623],"elevation":259.25,"wof":[{"Id":85681677,"Name":"Oberösterreich","Placetype":"region","Offset":-1},{"Id":85898429,"Name":"Kleinmünchen","Placetype":"neighbourhood","Offset":-1},{"Id":85898451,"Name":"Ufer","Placetype":"neighbourhood","Offset":-1},{"Id":102049853,"Name":"Linz","Placetype":"county","Offset":-1},{"Id":101748071,"Name":"Linz","Placetype":"locality","Offset":-1},{"Id":85632785,"Name":"Austria","Placetype":"country","Offset":-1}]}

# Attribution: City of Linz <http://geo.data.linz.gv.at/katalog/geodata/3d_geo_daten_lod2/>
# Longitude: 14.326054161206438
# Latitude: 48.24706694772623
# Elevation: 259.25

# File produced by Open Asset Import Library (http://www.assimp.sf.net)
# (assimp v3.1.0)


# 16 vertex positions
v  19.747 17.058 -5.896
v  11.576 18.416 -1.696
v  23.127 17.058 -3.374
v  9.906 17.058 -13.24
v  11.559 18.416 -1.673
v  0 17.058 1.0445e-15
v  6.789 17.058 5.066
v  13.239 17.058 9.878
v  21.829 17.059 -1.635
v  0 0 0
v  13.239 -6.04853e-16 9.878
v  6.789 -3.10203e-16 5.066
v  23.127 2.06598e-16 -3.374
v  21.829 1.00115e-16 -1.635
v  9.906 8.10716e-16 -13.24
v  19.747 3.61026e-16 -5.896

# 0 UV coordinates

# 25 vertex normals
vn 0.0971009 0.98673 -0.130135
vn 0.0971069 0.986731 -0.130124
vn -0.130003 0.986731 -0.0972668
vn -0.131315 0.986578 -0.097061
vn -0.0970932 0.986733 0.130116
vn -0.0970795 0.986733 0.130125
vn 0.130031 0.986804 0.0964888
vn 0.13002 0.986746 0.097095
vn 0.131125 0.986617 0.0969207
vn -0.598053 -4.90751e-17 0.801457
vn -0.59797 -5.12166e-05 0.801518
vn -0.598012 0 0.801487
vn 0 1 6.12641e-17
vn 0.801493 -0 0.598004
vn 0.80138 0.000158429 0.598155
vn 0.801478 0 0.598024
vn 3.60931e-20 -1 -6.12139e-17
vn 0.598025 0 -0.801477
vn 0.598083 1.77932e-05 -0.801434
vn 0.598068 0 -0.801445
vn 0 -1 -6.11871e-17
vn -0.800696 0 -0.599071
vn -0.800696 3.66825e-17 -0.599071
vn 0 -1 -6.12323e-17
vn 0 -1 -6.11706e-17

# Mesh 'defaultobject' with 28 faces
g defaultobject
usemtl DefaultMaterial
f  1//1 2//1 3//1
f  2//2 1//2 4//2
f  5//3 4//3 6//3
f  4//4 5//4 2//4
f  7//5 5//5 6//5
f  5//6 7//6 8//6
f  2//7 9//7 3//7
f  9//8 2//8 8//8
f  8//9 2//9 5//9
f  10//10 7//10 6//10
f  7//11 10//11 8//11
f  8//12 10//12 11//12
f  11//13 10//13 12//13
f  11//14 9//14 8//14
f  9//15 11//15 3//15
f  3//16 11//16 13//16
f  13//17 11//17 14//17
f  13//18 1//18 3//18
f  1//19 13//19 4//19
f  4//20 13//20 15//20
f  15//21 13//17 16//21
f  15//22 6//22 4//22
f  6//22 15//22 10//23
f  14//17 16//21 13//17
f  16//21 14//17 11//17
f  16//21 11//17 15//21
f  15//21 11//17 10//24
f  10//24 11//17 12//25

