# {"id":"ID_11243","idOriginal":"ID_11243","origin":[14.33924695446448,48.32705833727998],"elevation":263.375,"wof":[{"Id":85681677,"Name":"Oberösterreich","Placetype":"region","Offset":-1},{"Id":101758517,"Name":"Plesching","Placetype":"locality","Offset":-1},{"Id":102049853,"Name":"Linz","Placetype":"county","Offset":-1},{"Id":85632785,"Name":"Austria","Placetype":"country","Offset":-1},{"Id":85898427,"Name":"Katzbach","Placetype":"neighbourhood","Offset":-1}]}

# Attribution: City of Linz <http://geo.data.linz.gv.at/katalog/geodata/3d_geo_daten_lod2/>
# Longitude: 14.33924695446448
# Latitude: 48.32705833727998
# Elevation: 263.375

# File produced by Open Asset Import Library (http://www.assimp.sf.net)
# (assimp v3.1.0)


# 18 vertex positions
v  15.799 8.642 -5.937
v  2.699 10.587 6.133
v  18.114 10.587 -0.649
v  15.425 8.33 -6.786
v  14.515 8.33 -6.386
v  0 8.33 5.10065e-16
v  5.397 8.33 12.267
v  18.91 9.919 1.169
v  20.809 8.33 5.486
v  20.809 -3.35921e-16 5.486
v  18.91 -7.15806e-17 1.169
v  15.799 3.63536e-16 -5.937
v  15.425 4.15523e-16 -6.786
v  18.114 3.97398e-17 -0.649
v  0 0 0
v  14.515 3.9103e-16 -6.386
v  2.699 -3.75538e-16 6.133
v  5.397 -7.51137e-16 12.267

# 0 UV coordinates

# 27 vertex normals
vn -0.128586 0.947653 -0.292267
vn -0.12818 0.947835 -0.291855
vn -0.128361 0.947759 -0.292021
vn -0.128549 0.947683 -0.292184
vn 0.128541 0.947691 0.292164
vn 0.128389 0.947754 0.292025
vn 0.128585 0.947658 0.292251
vn 0.915353 0 -0.402653
vn 0.916172 0.000970828 -0.400783
vn 0.915973 0.000655843 -0.401239
vn 0.915351 -0.00157295 -0.402653
vn 0.915352 -0.00157131 -0.402651
vn 0.916057 0.000253815 -0.401049
vn 0.91514 0 -0.403135
vn 3.68845e-19 -1 -6.12282e-17
vn -0.402402 0 -0.915463
vn -0.402707 -3.98018e-05 -0.915329
vn -0.402689 5.60482e-17 -0.915337
vn 0 1 6.12315e-17
vn -0.915289 -2.46643e-17 0.402799
vn -0.915354 0.000102627 0.40265
vn -0.915289 -0.000158216 0.402799
vn -0.915368 0 0.402619
vn 0.402725 -0 0.915321
vn 0 -1 -6.12323e-17
vn -1.2707e-22 -1 -6.12325e-17
vn 0 -1 -6.12323e-17

# Mesh 'defaultobject' with 32 faces
g defaultobject
usemtl DefaultMaterial
f  1//1 2//1 3//1
f  2//2 1//2 4//2
f  2//3 4//3 5//3
f  2//4 5//4 6//4
f  7//5 3//5 2//5
f  3//6 7//6 8//6
f  8//7 7//7 9//7
f  10//8 8//8 9//8
f  8//9 10//9 3//9
f  3//10 10//10 1//10
f  1//11 10//11 11//11
f  1//11 11//11 4//12
f  4//13 11//13 12//13
f  4//14 12//14 13//14
f  12//15 11//15 14//15
f  13//16 5//16 4//16
f  5//17 13//17 6//17
f  6//18 13//18 15//18
f  15//19 13//19 16//19
f  15//20 2//20 6//20
f  2//21 15//21 7//21
f  7//22 15//22 17//22
f  7//23 17//23 18//23
f  18//24 9//24 7//24
f  9//24 18//24 10//24
f  16//25 17//25 15//25
f  17//25 16//25 13//26
f  17//25 13//26 12//15
f  17//25 12//15 14//15
f  17//25 14//15 18//25
f  18//25 14//15 11//15
f  18//25 11//15 10//27

