# {"id":"ID_5182","idOriginal":"ID_5182","origin":[14.32314621619885,48.313362019226005],"elevation":253.8}
# Longitude: 14.32314621619885
# Latitude: 48.313362019226005
# Elevation: 253.8

# File produced by Open Asset Import Library (http://www.assimp.sf.net)
# (assimp v3.1.0)

mtllib ID_5182.obj.mtl

# 34 vertex positions
v  10.263 5.9 -0.595
v  4.631 5.9 5.35
v  10.817 5.9 0.05
v  6.202 5.9 -5.313
v  6.166 5.9 -5.282
v  4.089 5.9 4.718
v  0 5.9 3.61271e-16
v  0 0 0
v  4.089 -2.88894e-16 4.718
v  4.631 -3.27593e-16 5.35
v  10.817 -3.06162e-18 0.05
v  6.202 3.25327e-16 -5.313
v  10.263 3.64332e-17 -0.595
v  6.166 3.23429e-16 -5.282
v  4.631 6.591 5.35
v  24.347 6.007 15.801
v  10.817 6.006 0.05
v  23.72 6.594 27.621
v  29.929 6.007 22.3
v  30.459 6.007 22.92
v  24.253 6.594 28.237
v  24.253 -1.72902e-15 28.237
v  23.72 -1.6913e-15 27.621
v  30.459 -1.40345e-15 22.92
v  29.929 -1.36548e-15 22.3
v  24.347 -9.67532e-16 15.801
v  30.459 5.9 22.92
v  27.814 5.9 32.356
v  33.988 5.9 27.05
v  24.253 5.9 28.237
v  24.347 5.9 28.346
v  27.814 -1.98123e-15 32.356
v  24.347 -1.73569e-15 28.346
v  33.988 -1.65633e-15 27.05

# 0 UV coordinates

# 44 vertex normals
vn 0 1 -0
vn -0.755684 -4.01033e-17 0.654937
vn -0.755684 0 0.654937
vn -0.759087 0 0.650989
vn 0.65063 -0 0.759395
vn 0.758592 0 -0.651566
vn 0.757906 -0.000151758 -0.652364
vn 0.757988 0 -0.652268
vn -1.89977e-20 1 6.12294e-17
vn -0.652522 0 -0.75777
vn -0.650568 2.07405e-05 -0.759448
vn -0.65058 4.65022e-17 -0.759438
vn 1.06343e-19 -1 -6.1041e-17
vn -5.85429e-24 -1 -6.12323e-17
vn -2.87915e-22 -1 -6.12317e-17
vn 0.0543049 0.997431 -0.0467108
vn 0.0542755 0.997436 -0.0466551
vn 0.0543169 0.997433 -0.0466528
vn 0.0544261 0.997433 -0.0465254
vn 0.054179 0.99743 -0.0468791
vn -0.756214 0 0.654324
vn -0.759264 -0.000577273 0.650783
vn -0.756051 0.0207923 0.654182
vn -0.759264 0 0.650783
vn 0.65062 -0 0.759403
vn 0.65062 0 0.759403
vn 0.760123 0 -0.64978
vn 0.758597 -0.000318355 -0.65156
vn 0.760118 0.00334391 -0.649776
vn 0.758597 0 -0.65156
vn 0.758563 0 -0.6516
vn -0.65063 0 -0.759395
vn -0.65063 0 -0.759395
vn 4.37395e-23 -1 -6.12323e-17
vn 3.94994e-23 -1 -6.12324e-17
vn 1.21357e-23 -1 -6.12323e-17
vn -0.757295 0 0.653073
vn -0.756467 -3.09385e-05 0.654032
vn -0.756489 0 0.654007
vn 0 1 6.13141e-17
vn 0.651782 -0 0.758406
vn 0.760256 0 -0.649623
vn -0.65062 0 -0.759403
vn -1.65614e-23 -1 -6.12323e-17

# Mesh 'defaultobject' with 64 faces
g defaultobject
usemtl DefaultMaterial
f  1//1 2//1 3//1
f  2//1 1//1 4//1
f  2//1 4//1 5//1
f  2//1 5//1 6//1
f  6//1 5//1 7//1
f  8//2 6//2 7//2
f  6//2 8//2 9//3
f  6//4 9//4 2//4
f  2//4 9//4 10//4
f  10//5 3//5 2//5
f  3//5 10//5 11//5
f  11//6 1//6 3//6
f  1//7 11//7 4//7
f  4//8 11//8 12//8
f  12//9 11//9 13//9
f  12//10 5//10 4//10
f  5//11 12//11 7//11
f  7//12 12//12 8//12
f  8//13 12//13 14//13
f  9//14 11//14 10//14
f  11//14 9//14 8//13
f  11//14 8//13 14//13
f  11//14 14//13 13//15
f  13//15 14//13 12//13
f  15//16 16//16 17//16
f  16//17 15//17 18//17
f  16//18 18//18 19//18
f  19//19 18//19 20//19
f  20//20 18//20 21//20
f  18//21 22//21 21//21
f  22//22 18//22 15//22
f  22//23 15//23 23//23
f  23//24 15//24 10//24
f  22//25 20//25 21//25
f  20//25 22//25 24//26
f  24//27 19//27 20//27
f  19//28 24//28 16//28
f  16//29 24//29 25//29
f  16//30 25//30 26//30
f  16//31 26//31 17//31
f  17//31 26//31 11//31
f  17//32 10//32 15//32
f  10//32 17//32 11//33
f  23//34 24//34 22//34
f  24//34 23//34 10//14
f  24//34 10//14 25//35
f  25//35 10//14 26//36
f  26//36 10//14 11//14
f  27//1 28//1 29//1
f  28//1 27//1 30//1
f  28//1 30//1 31//1
f  22//37 31//37 30//37
f  31//38 22//38 28//38
f  28//39 22//39 32//39
f  32//40 22//40 33//40
f  32//41 29//41 28//41
f  29//41 32//41 34//41
f  34//42 27//42 29//42
f  27//42 34//42 24//42
f  24//43 30//43 27//43
f  30//43 24//43 22//43
f  33//44 34//44 32//44
f  34//44 33//44 22//34
f  34//44 22//34 24//34

