# {"id":"ID_31272","idOriginal":"ID_31272","origin":[14.303894459915949,48.330863081890946],"elevation":260.263}
# Longitude: 14.303894459915949
# Latitude: 48.330863081890946
# Elevation: 260.263

# File produced by Open Asset Import Library (http://www.assimp.sf.net)
# (assimp v3.1.0)

mtllib ID_31272.obj.mtl

# 16 vertex positions
v  4.462 9.54 -1.572
v  9.275 7.666 -2.17
v  8.929 7.665 -3.145
v  11.094 7.668 2.951
v  6.636 9.54 4.531
v  1.244 7.665 3.505
v  0 7.667 4.69468e-16
v  2.177 7.667 6.112
v  0 0 0
v  2.177 -3.74252e-16 6.112
v  1.244 -2.14619e-16 3.505
v  11.094 -1.80697e-16 2.951
v  6.636 -2.77444e-16 4.531
v  8.929 1.92576e-16 -3.145
v  9.275 1.32874e-16 -2.17
v  4.462 9.62572e-17 -1.572

# 0 UV coordinates

# 25 vertex normals
vn 0.346619 0.929779 -0.123959
vn 0.346689 0.929813 -0.123508
vn 0.34668 0.929818 -0.123494
vn -0.346746 0.92978 0.123598
vn -0.34682 0.92976 0.123544
vn -0.346802 0.929785 0.123401
vn -0.942403 -2.04809e-17 0.334479
vn -0.94152 -0.00127532 0.336955
vn -0.942027 0 0.335536
vn 3.91309e-21 1 6.12321e-17
vn 0.33418 -0 0.942509
vn 0.334078 5.32775e-05 0.942545
vn 0.334119 0 0.942531
vn 0 -1 -6.12556e-17
vn 0.942319 0 -0.334716
vn 0.942418 0.00020922 -0.334438
vn 0.942335 0 -0.334671
vn 6.37601e-20 -1 -6.12575e-17
vn -0.332289 0 -0.943177
vn -0.33217 -6.28838e-05 -0.94322
vn -0.332289 9.37323e-05 -0.943177
vn -0.332146 0 -0.943228
vn 3.44545e-24 -1 -6.12323e-17
vn 1.61325e-23 -1 -6.12323e-17
vn 0 -1 -6.12323e-17

# Mesh 'defaultobject' with 28 faces
g defaultobject
usemtl DefaultMaterial
f  1//1 2//1 3//1
f  2//2 1//2 4//2
f  4//3 1//3 5//3
f  6//4 1//4 7//4
f  1//5 6//5 5//5
f  5//6 6//6 8//6
f  9//7 6//7 7//7
f  6//8 9//8 8//8
f  8//9 9//9 10//9
f  10//10 9//10 11//10
f  10//11 5//11 8//11
f  5//12 10//12 4//12
f  4//13 10//13 12//13
f  12//14 10//14 13//14
f  12//15 2//15 4//15
f  2//16 12//16 3//16
f  3//17 12//17 14//17
f  14//18 12//14 15//18
f  1//19 9//19 7//19
f  9//20 1//20 3//20
f  9//21 3//21 16//21
f  16//22 3//22 14//22
f  13//14 15//18 12//14
f  15//18 13//14 10//14
f  15//18 10//14 14//18
f  14//18 10//14 16//23
f  16//23 10//14 11//24
f  16//23 11//24 9//25

