# {"id":"ID_3931","idOriginal":"ID_3931","origin":[14.286839010447075,48.31472089750451],"elevation":260.075}
# Longitude: 14.286839010447075
# Latitude: 48.31472089750451
# Elevation: 260.075

# File produced by Open Asset Import Library (http://www.assimp.sf.net)
# (assimp v3.1.0)

mtllib ID_3931.obj.mtl

# 50 vertex positions
v  13.288 19.105 -2.862
v  13.258 19.105 -2.882
v  7.724 19.105 5.263
v  10.995 19.105 -6.74
v  4.351 19.105 2.965
v  14.271 19.105 -4.414
v  14.369 19.105 -4.441
v  14.325 19.105 -4.377
v  13.258 1.76472e-16 -2.882
v  14.271 2.7028e-16 -4.414
v  14.325 2.68014e-16 -4.377
v  14.369 2.71933e-16 -4.441
v  7.724 -3.22266e-16 5.263
v  13.288 1.75247e-16 -2.862
v  4.351 -1.81554e-16 2.965
v  10.995 4.12706e-16 -6.74
v  12.105 18.955 -8.36
v  14.369 18.955 -4.441
v  15.485 18.955 -6.071
v  10.995 18.955 -6.74
v  15.485 3.71742e-16 -6.071
v  12.105 5.11902e-16 -8.36
v  7.746 9.86 -11.313
v  10.995 9.86 -6.74
v  12.105 9.86 -8.36
v  6.645 9.86 -9.704
v  6.645 5.94199e-16 -9.704
v  7.746 6.92721e-16 -11.313
v  6.645 15.855 -9.704
v  4.351 15.855 2.965
v  10.995 15.855 -6.74
v  0 15.855 9.70839e-16
v  0 0 0
v  15.485 9.86 -6.071
v  15.885 9.86 -3.408
v  17.018 9.86 -5.032
v  14.369 9.86 -4.441
v  15.885 2.0868e-16 -3.408
v  17.018 3.08121e-16 -5.032
v  14.325 15.853 -4.377
v  15.885 15.853 -3.408
v  14.369 15.853 -4.441
v  15.829 15.853 -3.327
v  15.829 2.0372e-16 -3.327
v  7.724 15.853 5.263
v  38.135 15.853 14.188
v  13.288 15.853 -2.862
v  32.413 15.853 22.087
v  32.413 -1.35244e-15 22.087
v  38.135 -8.68764e-16 14.188

# 0 UV coordinates

# 49 vertex normals
vn 0 1 0
vn 0.834139 -0 0.551555
vn 0.824039 -0 0.566534
vn 0.825081 -0 0.565015
vn -0.565234 0 0.824931
vn -0.56304 0 0.826429
vn 0.563093 0 -0.826393
vn 0.554703 0 -0.832048
vn -0.825159 0 -0.5649
vn -1.16942e-22 -1 -6.1232e-17
vn -1.55553e-22 -1 -6.12321e-17
vn 0 -1 -6.12323e-17
vn -6.85522e-24 -1 -6.12324e-17
vn -1.18825e-22 -1 -6.12324e-17
vn -0.563093 0 0.826393
vn 0.825134 -0 0.564938
vn 0.560734 0 -0.827996
vn -0.824932 0 -0.565231
vn -6.60278e-24 -1 -6.12324e-17
vn -1.313e-23 -1 -6.12323e-17
vn -0.563089 0 0.826396
vn 0.824932 -0 0.565231
vn 0.560865 0 -0.827907
vn -0.825282 0 -0.564721
vn 3.61098e-23 -1 -6.12324e-17
vn -0.563131 -5.06004e-17 0.826368
vn -0.563131 0 0.826368
vn 0.825159 -0 0.5649
vn 0.563089 0 -0.826396
vn -0.825092 0 -0.564998
vn -0.825092 3.45961e-17 -0.564998
vn -1.36785e-23 -1 -6.12323e-17
vn -0.5631 0 0.826389
vn 0.820133 -0 0.572174
vn 0.561039 0 -0.827789
vn -0.825134 0 -0.564938
vn 7.30421e-24 -1 -6.12323e-17
vn -7.21881e-24 -1 -6.12323e-17
vn 0.822559 -0 0.56868
vn 0.5631 0 -0.826389
vn -0.824039 0 -0.566534
vn -0.572437 0 0.819949
vn -7.32732e-23 -1 -6.12323e-17
vn -0.563122 0 0.826374
vn 0.809843 -0 0.586647
vn 0.565801 0 -0.824542
vn -0.825081 0 -0.565015
vn -2.87904e-24 -1 -6.12323e-17
vn -2.88277e-24 -1 -6.12323e-17

# Mesh 'defaultobject' with 100 faces
g defaultobject
usemtl DefaultMaterial
f  1//1 2//1 3//1
f  3//1 4//1 5//1
f  4//1 3//1 2//1
f  4//1 2//1 6//1
f  4//1 6//1 7//1
f  7//1 6//1 8//1
f  9//2 6//2 2//2
f  6//2 9//2 10//2
f  11//3 7//3 8//3
f  7//3 11//3 12//3
f  13//4 1//4 3//4
f  1//4 13//4 14//4
f  10//5 8//5 6//5
f  8//5 10//5 11//5
f  15//6 3//6 5//6
f  3//6 15//6 13//6
f  12//7 4//7 7//7
f  4//7 12//7 16//7
f  14//8 2//8 1//8
f  2//8 14//8 9//8
f  16//9 5//9 4//9
f  5//9 16//9 15//9
f  10//10 12//10 11//10
f  12//10 10//10 16//11
f  15//12 16//11 10//10
f  9//13 15//12 10//10
f  14//14 13//14 9//13
f  15//12 9//13 13//14
f  17//1 18//1 19//1
f  18//1 17//1 20//1
f  16//15 18//15 20//15
f  18//15 16//15 12//15
f  12//16 19//16 18//16
f  19//16 12//16 21//16
f  21//17 17//17 19//17
f  17//17 21//17 22//17
f  22//18 20//18 17//18
f  20//18 22//18 16//18
f  22//19 12//10 16//11
f  12//10 22//19 21//20
f  23//1 24//1 25//1
f  24//1 23//1 26//1
f  27//21 24//21 26//21
f  24//21 27//21 16//15
f  16//22 25//22 24//22
f  25//22 16//22 22//22
f  22//23 23//23 25//23
f  23//23 22//23 28//23
f  28//24 26//24 23//24
f  26//24 28//24 27//24
f  28//25 16//11 27//25
f  16//11 28//25 22//19
f  29//1 30//1 31//1
f  30//1 29//1 32//1
f  33//26 30//26 32//26
f  30//26 33//26 15//27
f  15//28 31//28 30//28
f  31//28 15//28 16//28
f  16//7 29//29 31//29
f  29//29 16//7 27//29
f  27//30 32//30 29//30
f  32//30 27//30 33//31
f  27//25 15//12 33//32
f  15//12 27//25 16//11
f  34//1 35//1 36//1
f  35//1 34//1 37//1
f  12//15 35//33 37//33
f  35//33 12//15 38//33
f  38//34 36//34 35//34
f  36//34 38//34 39//34
f  39//35 34//35 36//35
f  34//35 39//35 21//35
f  21//36 37//36 34//36
f  37//36 21//36 12//36
f  21//20 38//37 12//10
f  38//37 21//20 39//38
f  40//1 41//1 42//1
f  41//1 40//1 43//1
f  44//39 41//39 43//39
f  41//39 44//39 38//39
f  38//40 42//40 41//40
f  42//40 38//40 12//7
f  12//41 40//41 42//41
f  40//41 12//41 11//41
f  11//42 43//42 40//42
f  43//42 11//42 44//42
f  11//10 38//37 44//43
f  38//37 11//10 12//10
f  45//1 46//1 47//1
f  46//1 45//1 48//1
f  13//44 48//44 45//44
f  48//44 13//44 49//44
f  49//45 46//45 48//45
f  46//45 49//45 50//45
f  50//46 47//46 46//46
f  47//46 50//46 14//46
f  14//47 45//47 47//47
f  45//47 14//47 13//47
f  14//14 49//48 13//14
f  49//48 14//14 50//49

