# File produced by Open Asset Import Library (http://www.assimp.sf.net)
# (assimp v3.1.0)

mtllib ID_27189.obj.mtl

# 28 vertex positions
v  1.246 6.993 10.931
v  8.387 6.993 6.309
v  0.814 6.993 7.18
v  8.493 6.993 7.196
v  8.865 6.993 10.054
v  8.865 -6.1563e-16 10.054
v  8.387 -3.86315e-16 6.309
v  8.493 -4.40628e-16 7.196
v  0.814 -4.39648e-16 7.18
v  1.246 -6.69331e-16 10.931
v  8.387 9.673 6.309
v  0.771 9.673 6.808
v  0.814 9.673 7.18
v  0 9.673 5.923e-16
v  1.492 9.673 -0.165
v  7.692 9.673 0.475
v  2.545 9.673 -0.295
v  3.008 9.673 -0.349
v  7.45 9.673 -0.871
v  7.552 9.673 -0.883
v  7.552 5.40682e-17 -0.883
v  7.692 -2.90854e-17 0.475
v  1.492 1.01033e-17 -0.165
v  0 0 0
v  7.45 5.33334e-17 -0.871
v  3.008 2.13701e-17 -0.349
v  2.545 1.80635e-17 -0.295
v  0.771 -4.1687e-16 6.808

# 0 UV coordinates

# 35 vertex normals
vn 0 1 0
vn 0.991635 0 -0.129072
vn 0.992926 0.00432464 -0.118658
vn 0.991953 0 -0.12661
vn 4.89892e-22 -1 -6.12325e-17
vn -0.114261 0 -0.993451
vn -0.993433 0 0.114413
vn 0.114352 -0 0.99344
vn 1.07807e-24 -1 -6.12324e-17
vn -3.65633e-24 -1 -6.12323e-17
vn 0.992979 0 -0.118293
vn 0.994682 0.00962059 -0.102544
vn 0.993328 0 -0.115327
vn 0 -1 -6.12323e-17
vn -0.116841 0 -0.993151
vn -0.116712 1.38659e-06 -0.993166
vn -0.115846 0.000413806 -0.993267
vn -0.122526 -0.00309321 -0.99246
vn -0.109918 0.00491422 -0.993928
vn -0.117659 -0.00120884 -0.993053
vn -0.10992 6.08613e-17 -0.99394
vn 0 1 6.12572e-17
vn 0 1 6.12326e-17
vn 6.21392e-23 1 6.12327e-17
vn -0.993648 -6.89046e-18 0.11253
vn -0.993384 -0.00163765 0.114827
vn -0.993635 0 0.112649
vn -4.46213e-21 1 6.12327e-17
vn 0.114261 -0 0.993451
vn 0 -1 -6.12323e-17
vn -5.41947e-25 -1 -6.12323e-17
vn -9.80909e-25 -1 -6.12323e-17
vn 1.28686e-24 -1 -6.12323e-17
vn -6.10079e-25 -1 -6.12323e-17
vn 0 -1 -6.12314e-17

# Mesh 'defaultobject' with 52 faces
g defaultobject
usemtl DefaultMaterial
f  1//1 2//1 3//1
f  2//1 1//1 4//1
f  4//1 1//1 5//1
f  6//2 4//2 5//2
f  4//3 6//3 2//3
f  2//4 6//4 7//4
f  7//5 6//5 8//5
f  7//6 3//6 2//6
f  3//6 7//6 9//6
f  9//7 1//7 3//7
f  1//7 9//7 10//7
f  10//8 5//8 1//8
f  5//8 10//8 6//8
f  8//5 9//9 7//5
f  9//9 8//5 6//5
f  9//9 6//5 10//10
f  11//1 12//1 13//1
f  12//1 11//1 14//1
f  14//1 11//1 15//1
f  15//1 11//1 16//1
f  15//1 16//1 17//1
f  17//1 16//1 18//1
f  18//1 16//1 19//1
f  19//1 16//1 20//1
f  7//11 16//11 11//11
f  16//12 7//12 20//12
f  20//13 7//13 21//13
f  21//14 7//5 22//14
f  21//15 19//15 20//15
f  19//16 21//16 18//16
f  18//17 21//17 17//17
f  17//18 21//18 15//18
f  15//19 21//19 14//19
f  14//20 21//20 23//20
f  14//21 23//21 24//21
f  23//22 21//22 25//22
f  23//22 25//22 26//23
f  23//22 26//23 27//24
f  24//25 12//25 14//25
f  12//26 24//26 13//26
f  13//27 24//27 9//27
f  9//28 24//28 28//28
f  9//29 11//29 13//29
f  11//29 9//29 7//29
f  22//14 25//30 21//14
f  25//30 22//14 26//31
f  26//31 22//14 7//5
f  26//31 7//5 27//32
f  27//32 7//5 23//33
f  23//33 7//5 9//9
f  23//33 9//9 24//34
f  24//34 9//9 28//35

