# File produced by Open Asset Import Library (http://www.assimp.sf.net)
# (assimp v3.1.0)

mtllib ID_31275.obj.mtl

# 16 vertex positions
v  6.63 9.566 4.53
v  8.929 7.246 -3.148
v  4.464 9.566 -1.574
v  9.279 7.246 -2.16
v  11.092 7.247 2.955
v  1.246 7.248 3.502
v  0 7.247 4.43751e-16
v  2.167 7.247 6.106
v  0 0 0
v  2.167 -3.73885e-16 6.106
v  1.246 -2.14436e-16 3.502
v  11.092 -1.80942e-16 2.955
v  6.63 -2.77382e-16 4.53
v  8.929 1.92759e-16 -3.148
v  9.279 1.32262e-16 -2.16
v  4.464 9.63797e-17 -1.574

# 0 UV coordinates

# 23 vertex normals
vn 0.414709 0.897976 -0.147159
vn 0.41503 0.89785 -0.147025
vn 0.414738 0.897959 -0.147179
vn -0.414589 0.898016 0.147253
vn -0.414708 0.897976 0.147159
vn -0.414694 0.898006 0.147016
vn -0.942143 -2.05258e-17 0.335211
vn -0.942769 0.000961009 0.333445
vn -0.942411 0 0.334459
vn 0 -1 -6.12308e-17
vn 0.332975 -0 0.942936
vn 0.332877 5.13544e-05 0.94297
vn 0.332914 0 0.942957
vn -9.16328e-21 -1 -6.12474e-17
vn 0.942544 0 -0.334082
vn 0.942602 0.000130573 -0.333918
vn 0.942553 0 -0.334056
vn 0 -1 -6.12224e-17
vn -0.332533 0 -0.943092
vn -0.332479 -2.79815e-05 -0.94311
vn -0.332533 4.5907e-05 -0.943092
vn -0.332467 0 -0.943115
vn 3.45156e-24 -1 -6.12323e-17

# Mesh 'defaultobject' with 28 faces
g defaultobject
usemtl DefaultMaterial
f  1//1 2//1 3//1
f  2//2 1//2 4//2
f  4//3 1//3 5//3
f  6//4 3//4 7//4
f  3//5 6//5 1//5
f  1//6 6//6 8//6
f  9//7 6//7 7//7
f  6//8 9//8 8//8
f  8//9 9//9 10//9
f  10//10 9//10 11//10
f  10//11 1//11 8//11
f  1//12 10//12 5//12
f  5//13 10//13 12//13
f  12//14 10//10 13//14
f  12//15 4//15 5//15
f  4//16 12//16 2//16
f  2//17 12//17 14//17
f  14//18 12//14 15//18
f  3//19 9//19 7//19
f  9//20 3//20 2//20
f  9//21 2//21 16//21
f  16//22 2//22 14//22
f  13//14 15//18 12//14
f  15//18 13//14 10//10
f  15//18 10//10 14//18
f  14//18 10//10 16//23
f  16//23 10//10 11//10
f  16//23 11//10 9//10

