# File produced by Open Asset Import Library (http://www.assimp.sf.net)
# (assimp v3.1.0)

mtllib ID_55528.obj.mtl

# 12 vertex positions
v  3.95 2.274 -3.753
v  0.135 2.274 0.085
v  1.126 2.274 0.712
v  0 2.274 1.39242e-16
v  2.785 2.274 -4.404
v  2.824 2.274 -4.466
v  3.95 2.29805e-16 -3.753
v  2.824 2.73464e-16 -4.466
v  0 0 0
v  2.785 2.69667e-16 -4.404
v  1.126 -4.35974e-17 0.712
v  0.135 -5.20475e-18 0.085

# 0 UV coordinates

# 12 vertex normals
vn 0 1 0
vn 0.534981 0 -0.844864
vn -0.846463 0 -0.532447
vn -0.845183 7.72779e-05 -0.534477
vn -0.845201 3.27255e-17 -0.534449
vn 1.15648e-19 -1 -6.11779e-17
vn -0.532813 -5.18168e-17 0.846233
vn -0.534667 0.00015375 0.845063
vn -0.534445 0 0.845203
vn 0 -1 -6.12245e-17
vn 0.845147 -0 0.534534
vn -1.50373e-23 -1 -6.12324e-17

# Mesh 'defaultobject' with 20 faces
g defaultobject
usemtl DefaultMaterial
f  1//1 2//1 3//1
f  2//1 1//1 4//1
f  4//1 1//1 5//1
f  5//1 1//1 6//1
f  7//2 6//2 1//2
f  6//2 7//2 8//2
f  8//3 5//3 6//3
f  5//4 8//4 4//4
f  4//5 8//5 9//5
f  9//6 8//6 10//6
f  9//7 2//7 4//7
f  2//8 9//8 3//8
f  3//9 9//9 11//9
f  11//10 9//6 12//10
f  11//11 1//11 3//11
f  1//11 11//11 7//11
f  10//6 12//10 9//6
f  12//10 10//6 11//10
f  11//10 10//6 8//6
f  11//10 8//6 7//12

