# File produced by Open Asset Import Library (http://www.assimp.sf.net)
# (assimp v3.1.0)

mtllib ID_58541.obj.mtl

# 12 vertex positions
v  2.601 2.578 1.098
v  0.736 2.578 1.89
v  2.624 2.578 1.157
v  1.887 2.578 -0.735
v  0.059 2.578 -0.023
v  0 2.578 1.57857e-16
v  2.624 -7.08458e-17 1.157
v  1.887 4.50058e-17 -0.735
v  2.601 -6.72331e-17 1.098
v  0 0 0
v  0.059 1.40834e-18 -0.023
v  0.736 -1.15729e-16 1.89

# 0 UV coordinates

# 14 vertex normals
vn 0 1 -0
vn 0.931708 0 -0.363208
vn 0.931804 6.50618e-06 -0.362961
vn 0.931801 0 -0.362969
vn 4.00803e-19 -1 -6.13228e-17
vn -0.362938 0 -0.931813
vn -0.363208 -0.000220527 -0.931708
vn -0.362947 5.70569e-17 -0.93181
vn 0 1 6.12323e-17
vn -0.931838 -2.22197e-17 0.362874
vn -0.931838 0 0.362874
vn 0.361922 -0 0.932208
vn 3.42953e-24 -1 -6.12323e-17
vn 0 -1 -6.12323e-17

# Mesh 'defaultobject' with 20 faces
g defaultobject
usemtl DefaultMaterial
f  1//1 2//1 3//1
f  2//1 1//1 4//1
f  2//1 4//1 5//1
f  2//1 5//1 6//1
f  7//2 1//2 3//2
f  1//3 7//3 4//3
f  4//4 7//4 8//4
f  8//5 7//5 9//5
f  8//6 5//6 4//6
f  5//7 8//7 6//7
f  6//8 8//6 10//8
f  10//9 8//9 11//9
f  10//10 2//10 6//10
f  2//10 10//10 12//11
f  12//12 3//12 2//12
f  3//12 12//12 7//12
f  9//5 11//13 8//5
f  11//13 9//5 7//5
f  11//13 7//5 12//14
f  11//13 12//14 10//14

