# {"id":"ID_5616","idOriginal":"ID_5616","origin":[14.306601044709321,48.28344717357865],"elevation":259.956,"wof":[{"Id":85632785,"Name":"Austria","Placetype":"country","Offset":-1},{"Id":102049853,"Name":"Linz","Placetype":"county","Offset":-1},{"Id":101748071,"Name":"Linz","Placetype":"locality","Offset":-1},{"Id":85681677,"Name":"Oberösterreich","Placetype":"region","Offset":-1},{"Id":85898459,"Name":"Wegscheid","Placetype":"neighbourhood","Offset":-1}]}

# Attribution: City of Linz <http://geo.data.linz.gv.at/katalog/geodata/3d_geo_daten_lod2/>
# Longitude: 14.306601044709321
# Latitude: 48.28344717357865
# Elevation: 259.956

# File produced by Open Asset Import Library (http://www.assimp.sf.net)
# (assimp v3.1.0)


# 40 vertex positions
v  12.764 13.334 -4.681
v  13.753 13.334 3.324
v  17.292 13.334 -0.682
v  9.225 13.334 -0.675
v  9.225 4.13318e-17 -0.675
v  13.753 -2.03536e-16 3.324
v  17.292 4.17605e-17 -0.682
v  12.764 2.86629e-16 -4.681
v  20.92 11.886 -4.79
v  22.104 11.886 3.568
v  25.699 11.886 -0.553
v  16.4 11.886 -8.797
v  11.56 11.886 -13.088
v  18.59 11.886 7.595
v  7.916 11.886 -8.962
v  14.242 11.886 12.578
v  4.377 11.886 -4.956
v  9.376 11.886 8.28
v  1.273 11.886 -1.442
v  6.55 11.886 5.784
v  4.848 11.886 4.281
v  0 11.886 7.27808e-16
v  14.242 -7.7018e-16 12.578
v  9.376 -5.07004e-16 8.28
v  6.55 -3.54168e-16 5.784
v  4.848 -2.62136e-16 4.281
v  0 0 0
v  18.59 -4.6506e-16 7.595
v  25.699 3.38615e-17 -0.553
v  22.104 -2.18477e-16 3.568
v  20.92 2.93303e-16 -4.79
v  16.4 5.38661e-16 -8.797
v  11.56 8.01409e-16 -13.088
v  7.916 5.48764e-16 -8.962
v  4.377 3.03467e-16 -4.956
v  1.273 8.8297e-17 -1.442
v  13.753 11.886 3.324
v  17.292 11.886 -0.682
v  12.764 11.886 -4.681
v  9.225 11.886 -0.675

# 0 UV coordinates

# 51 vertex normals
vn 0 1 0
vn -0.661966 0 0.749533
vn 0.749439 -0 0.662073
vn 0.661966 0 -0.749533
vn -0.749439 0 -0.662073
vn 6.55768e-24 -1 -6.12323e-17
vn -1.31154e-23 -1 -6.12323e-17
vn -0.662009 0 0.749496
vn -0.66199 1.37043e-05 0.749513
vn -0.661927 8.56542e-05 0.749568
vn -0.661913 0.000105994 0.749581
vn -0.662009 -9.82244e-05 0.749496
vn -0.66199 -7.17135e-05 0.749513
vn -0.661927 -1.03887e-05 0.749568
vn -0.661913 0 0.749581
vn 0.753485 -0 0.657466
vn 0.753469 1.35711e-05 0.657484
vn 0.753484 -1.09677e-05 0.657466
vn 0.753561 -6.35431e-05 0.657377
vn 0.753515 0 0.65743
vn 5.12568e-20 1 6.12519e-17
vn 0.663401 0 -0.748264
vn 0.663366 -2.49456e-05 -0.748295
vn 0.663401 2.35676e-05 -0.748264
vn 0.663394 1.88051e-05 -0.74827
vn 0.663366 -2.01371e-05 -0.748295
vn 0.663394 0 -0.74827
vn -0.74953 0 -0.66197
vn -0.749439 6.37338e-05 -0.662073
vn -0.749477 1.18763e-05 -0.662031
vn -0.74953 -9.36332e-05 -0.66197
vn -0.749671 -0.000273177 -0.661811
vn -0.749491 4.05367e-17 -0.662014
vn 4.21817e-20 1 6.13322e-17
vn -3.0006e-20 1 6.12023e-17
vn -0.749439 0 -0.662073
vn -0.661967 0 0.749533
vn 0.749439 -0 0.662073
vn 0.661967 0 -0.749533
vn 5.85683e-24 -1 -6.12323e-17
vn 3.98098e-24 -1 -6.12324e-17
vn 9.65188e-25 -1 -6.12323e-17
vn 7.31228e-25 -1 -6.12323e-17
vn 6.84597e-25 -1 -6.12323e-17
vn 0 -1 -6.12323e-17
vn 1.82028e-25 -1 -6.12323e-17
vn 5.97563e-25 -1 -6.12324e-17
vn -1.52785e-24 -1 -6.12323e-17
vn -1.23721e-24 -1 -6.12323e-17
vn 3.18437e-24 -1 -6.12323e-17
vn 3.34531e-24 -1 -6.12323e-17

# Mesh 'defaultobject' with 72 faces
g defaultobject
usemtl DefaultMaterial
f  1//1 2//1 3//1
f  2//1 1//1 4//1
f  5//2 2//2 4//2
f  2//2 5//2 6//2
f  6//3 3//3 2//3
f  3//3 6//3 7//3
f  7//4 1//4 3//4
f  1//4 7//4 8//4
f  8//5 4//5 1//5
f  4//5 8//5 5//5
f  8//6 6//6 5//6
f  6//6 8//6 7//7
f  9//1 10//1 11//1
f  10//1 9//1 12//1
f  10//1 12//1 13//1
f  10//1 13//1 14//1
f  14//1 13//1 15//1
f  14//1 15//1 16//1
f  16//1 15//1 17//1
f  16//1 17//1 18//1
f  18//1 17//1 19//1
f  18//1 19//1 20//1
f  20//1 19//1 21//1
f  21//1 19//1 22//1
f  18//8 23//8 16//8
f  23//9 18//9 20//9
f  23//10 20//10 21//10
f  23//11 21//11 22//11
f  23//12 22//12 24//12
f  24//13 22//13 25//13
f  25//14 22//14 26//14
f  26//15 22//15 27//15
f  23//16 14//16 16//16
f  14//17 23//17 10//17
f  10//18 23//18 28//18
f  10//19 28//19 11//19
f  11//20 28//20 29//20
f  29//21 28//21 30//21
f  29//22 9//22 11//22
f  9//23 29//23 12//23
f  12//24 29//24 31//24
f  12//25 31//25 13//25
f  13//26 31//26 32//26
f  13//27 32//27 33//27
f  33//28 15//28 13//28
f  15//29 33//29 17//29
f  17//30 33//30 19//30
f  19//31 33//31 34//31
f  19//32 34//32 22//32
f  22//33 34//33 27//33
f  27//34 34//34 35//34
f  27//34 35//34 36//35
f  7//36 37//36 38//36
f  37//36 7//36 6//36
f  8//37 38//37 39//37
f  38//37 8//37 7//37
f  5//38 39//38 40//38
f  39//38 5//38 8//38
f  6//39 40//39 37//39
f  40//39 6//39 5//39
f  24//40 28//40 23//40
f  28//40 24//40 25//41
f  28//40 25//41 30//42
f  30//42 25//41 26//43
f  30//42 26//43 27//44
f  30//42 27//44 29//45
f  29//45 27//44 36//46
f  29//45 36//46 35//47
f  29//45 35//47 31//48
f  31//48 35//47 34//49
f  31//48 34//49 32//50
f  32//50 34//49 33//51

