# {"id":"ID_31263","idOriginal":"ID_31263","origin":[14.268626744075798,48.28816400783424],"elevation":322.268,"wof":[{"Id":102049853,"Name":"Linz","Placetype":"county","Offset":-1},{"Id":85632785,"Name":"Austria","Placetype":"country","Offset":-1},{"Id":101748071,"Name":"Linz","Placetype":"locality","Offset":-1},{"Id":85681677,"Name":"Oberösterreich","Placetype":"region","Offset":-1},{"Id":85898459,"Name":"Wegscheid","Placetype":"neighbourhood","Offset":-1}]}

# Attribution: City of Linz <http://geo.data.linz.gv.at/katalog/geodata/3d_geo_daten_lod2/>
# Longitude: 14.268626744075798
# Latitude: 48.28816400783424
# Elevation: 322.268

# File produced by Open Asset Import Library (http://www.assimp.sf.net)
# (assimp v3.1.0)


# 42 vertex positions
v  2.897 4.007 -6.025
v  3.45 4.007 -5.79
v  2.91 4.007 -6.051
v  0 4.007 2.45358e-16
v  8.309 4.007 -3.443
v  5.399 4.007 2.608
v  8.309 2.10823e-16 -3.443
v  3.45 3.54535e-16 -5.79
v  2.91 3.70517e-16 -6.051
v  0 0 0
v  2.897 3.68925e-16 -6.025
v  5.399 -1.59694e-16 2.608
v  5.308 -1.71328e-16 2.798
v  5.064 4.007 2.905
v  5.308 4.007 2.798
v  5.064 -1.7788e-16 2.905
v  5.228 4.007 2.964
v  5.228 -1.81493e-16 2.964
v  7.784 4.202 3.881
v  5.308 4.202 2.798
v  5.228 4.202 2.964
v  5.561 4.202 2.686
v  10.095 4.202 4.71
v  8.37 4.202 2.417
v  8.466 4.202 2.463
v  10.667 4.202 3.527
v  8.309 4.202 -3.443
v  5.399 4.202 2.608
v  8.561 4.202 -2.964
v  9.766 4.202 -2.382
v  10.514 4.202 -2.021
v  8.701 4.202 -3.254
v  10.095 -2.88404e-16 4.71
v  7.784 -2.37643e-16 3.881
v  10.667 -2.15966e-16 3.527
v  8.37 -1.47999e-16 2.417
v  10.514 1.23751e-16 -2.021
v  8.561 1.81493e-16 -2.964
v  8.701 1.9925e-16 -3.254
v  8.466 -1.50815e-16 2.463
v  9.766 1.45855e-16 -2.382
v  5.561 -1.6447e-16 2.686

# 0 UV coordinates

# 42 vertex normals
vn -0 1 0
vn 0.434941 0 -0.900459
vn 0.435169 0 -0.900349
vn -0.894427 0 -0.447214
vn -0.901231 -0.000112102 -0.433339
vn -0.901202 2.6538e-17 -0.433399
vn 0 1 6.12209e-17
vn -0.434964 -5.51365e-17 0.900448
vn -0.434964 0 0.900448
vn 0.901202 -0 0.433399
vn 1.18623e-22 -1 -6.12326e-17
vn 0 -1 -6.12323e-17
vn -2.92235e-24 -1 -6.12323e-17
vn -0.401607 0 -0.915812
vn -0.338516 0 0.940961
vn 0.900845 -0 0.434141
vn -0.337652 0 0.941271
vn -0.337689 -2.31093e-05 0.941258
vn -0.337652 2.55596e-05 0.941271
vn -0.337689 0 0.941258
vn 0.900284 -0 0.435302
vn 0.900431 -0 0.434999
vn 0.900551 -0 0.43475
vn 0.435229 0 -0.90032
vn 0.43212 -0.00200681 -0.901814
vn 0.4351 0 -0.900382
vn -1.54346e-20 1 6.12634e-17
vn 0.434648 0 -0.9006
vn 0.434916 5.88725e-05 -0.900471
vn 0.434814 0 -0.900521
vn 4.9974e-20 -1 -6.13481e-17
vn 0.434299 0 -0.900769
vn -0.901202 0 -0.433399
vn -0.404797 0 -0.914407
vn -0.900845 0 -0.434141
vn -0.433816 0 0.901002
vn -1.23598e-23 -1 -6.12323e-17
vn 6.88891e-24 -1 -6.12323e-17
vn 1.06176e-22 -1 -6.12323e-17
vn 1.62842e-24 -1 -6.12323e-17
vn 6.88524e-23 -1 -6.12322e-17
vn 2.36101e-23 -1 -6.12323e-17

# Mesh 'defaultobject' with 78 faces
g defaultobject
usemtl DefaultMaterial
f  1//1 2//1 3//1
f  2//1 1//1 4//1
f  2//1 4//1 5//1
f  5//1 4//1 6//1
f  7//2 2//2 5//2
f  2//2 7//2 8//2
f  2//3 8//3 3//3
f  3//3 8//3 9//3
f  9//4 1//4 3//4
f  1//5 9//5 4//5
f  4//6 9//6 10//6
f  10//7 9//7 11//7
f  10//8 6//8 4//8
f  6//8 10//8 12//9
f  12//10 5//10 6//10
f  5//10 12//10 7//10
f  8//11 11//11 9//11
f  11//11 8//11 10//12
f  10//12 8//11 7//13
f  10//12 7//13 12//12
f  13//14 14//14 15//14
f  14//14 13//14 16//14
f  16//15 17//15 14//15
f  17//15 16//15 18//15
f  18//16 15//16 17//16
f  15//16 18//16 13//16
f  19//1 20//1 21//1
f  20//1 19//1 22//1
f  23//1 24//1 19//1
f  24//1 23//1 25//1
f  25//1 23//1 26//1
f  22//1 27//1 28//1
f  27//1 22//1 19//1
f  27//1 19//1 24//1
f  27//1 24//1 29//1
f  29//1 24//1 30//1
f  30//1 24//1 31//1
f  32//1 27//1 29//1
f  19//17 33//17 23//17
f  33//18 19//18 21//18
f  33//19 21//19 34//19
f  34//20 21//20 18//20
f  33//21 26//21 23//21
f  26//21 33//21 35//21
f  36//22 31//22 24//22
f  31//22 36//22 37//22
f  38//23 32//23 29//23
f  32//23 38//23 39//23
f  35//24 25//24 26//24
f  25//25 35//25 24//25
f  24//26 35//26 36//26
f  36//27 35//27 40//27
f  37//28 30//28 31//28
f  30//29 37//29 29//29
f  29//30 37//30 38//30
f  38//31 37//31 41//31
f  39//32 27//32 32//32
f  27//32 39//32 7//32
f  7//33 28//33 27//33
f  28//33 7//33 12//33
f  42//34 20//34 22//34
f  20//34 42//34 13//34
f  13//35 21//35 20//35
f  21//35 13//35 18//35
f  12//36 22//36 28//36
f  22//36 12//36 42//36
f  33//37 40//37 35//37
f  40//37 33//37 34//38
f  40//37 34//38 36//39
f  18//40 42//40 34//38
f  42//40 18//40 13//41
f  36//39 41//31 37//31
f  41//31 36//39 38//31
f  38//31 36//39 7//13
f  7//13 36//39 12//12
f  12//12 36//39 42//40
f  42//40 36//39 34//38
f  7//13 39//42 38//31

