# {"id":"ID_23149","idOriginal":"ID_23149","origin":[14.360918600222574,48.257447039294526],"elevation":251.25,"wof":[{"Id":102049853,"Name":"Linz","Placetype":"county","Offset":-1},{"Id":85632785,"Name":"Austria","Placetype":"country","Offset":-1},{"Id":101748071,"Name":"Linz","Placetype":"locality","Offset":-1},{"Id":85681677,"Name":"Oberösterreich","Placetype":"region","Offset":-1},{"Id":85898441,"Name":"Posch","Placetype":"neighbourhood","Offset":-1}]}

# Attribution: City of Linz <http://geo.data.linz.gv.at/katalog/geodata/3d_geo_daten_lod2/>
# Longitude: 14.360918600222574
# Latitude: 48.257447039294526
# Elevation: 251.25

# File produced by Open Asset Import Library (http://www.assimp.sf.net)
# (assimp v3.1.0)


# 26 vertex positions
v  7.261 8.6 16.877
v  0 8.6 5.26598e-16
v  0.828 8.6 17.206
v  1.949 8.6 -0.092
v  6.428 8.6 -0.305
v  0.828 -1.05356e-15 17.206
v  7.261 -1.03342e-15 16.877
v  6.428 1.86759e-17 -0.305
v  0 0 0
v  1.949 5.63338e-18 -0.092
v  5.109 -5.19005e-16 8.476
v  5.099 8.6 8.256
v  5.109 8.6 8.476
v  5.099 -5.05534e-16 8.256
v  5.326 -5.18393e-16 8.466
v  5.326 8.6 8.466
v  5.316 -5.04799e-16 8.244
v  5.316 8.6 8.244
v  1.901 -5.27823e-16 8.62
v  1.892 8.6 8.414
v  1.901 8.6 8.62
v  1.892 -5.15209e-16 8.414
v  2.126 -5.2721e-16 8.61
v  2.126 8.6 8.61
v  2.117 -5.14597e-16 8.404
v  2.117 8.6 8.404

# 0 UV coordinates

# 19 vertex normals
vn 0 1 0
vn 0.0510756 -0 0.998695
vn 0.998827 0 -0.0484241
vn -0.0475016 0 -0.998871
vn -0.0471512 0.000182895 -0.998888
vn -0.0473953 6.11635e-17 -0.998876
vn 0 -1 -6.12338e-17
vn -0.998844 -2.94326e-18 0.0480671
vn -0.998844 0 0.0480671
vn 0.998968 0 -0.0454086
vn -0.0460351 0 -0.99894
vn -0.998987 0 0.0450006
vn 0.0552112 -0 0.998475
vn 0.999047 0 -0.0436479
vn -0.0444016 0 -0.999014
vn -0.999047 0 0.043647
vn 0.0443974 -0 0.999014
vn -3.9377e-25 -1 -6.12323e-17
vn 8.83872e-24 -1 -6.12323e-17

# Mesh 'defaultobject' with 32 faces
g defaultobject
usemtl DefaultMaterial
f  1//1 2//1 3//1
f  2//1 1//1 4//1
f  4//1 1//1 5//1
f  6//2 1//2 3//2
f  1//2 6//2 7//2
f  7//3 5//3 1//3
f  5//3 7//3 8//3
f  8//4 4//4 5//4
f  4//5 8//5 2//5
f  2//6 8//6 9//6
f  9//7 8//7 10//7
f  9//8 3//8 2//8
f  3//8 9//8 6//9
f  11//10 12//10 13//10
f  12//10 11//10 14//10
f  15//11 13//11 16//11
f  13//11 15//11 11//11
f  17//12 16//12 18//12
f  16//12 17//12 15//12
f  14//13 18//13 12//13
f  18//13 14//13 17//13
f  19//14 20//14 21//14
f  20//14 19//14 22//14
f  23//15 21//15 24//15
f  21//15 23//15 19//15
f  25//16 24//16 26//16
f  24//16 25//16 23//16
f  22//17 26//17 20//17
f  26//17 22//17 25//17
f  10//7 6//18 9//7
f  6//18 10//7 8//7
f  6//18 8//7 7//19

