# {"id":"ID_23243","idOriginal":"ID_23243","origin":[14.327583185385064,48.24760803906035],"elevation":263.48,"wof":[{"Id":102049853,"Name":"Linz","Placetype":"county","Offset":-1},{"Id":101748071,"Name":"Linz","Placetype":"locality","Offset":-1},{"Id":85632785,"Name":"Austria","Placetype":"country","Offset":-1},{"Id":85681677,"Name":"Oberösterreich","Placetype":"region","Offset":-1},{"Id":85898451,"Name":"Ufer","Placetype":"neighbourhood","Offset":-1}]}

# Attribution: City of Linz <http://geo.data.linz.gv.at/katalog/geodata/3d_geo_daten_lod2/>
# Longitude: 14.327583185385064
# Latitude: 48.24760803906035
# Elevation: 263.48

# File produced by Open Asset Import Library (http://www.assimp.sf.net)
# (assimp v3.1.0)


# 28 vertex positions
v  7.465 14.86 -4.859
v  8.544 14.86 7.011
v  13.948 14.86 0.479
v  6.144 14.86 5.041
v  4.933 14.86 6.505
v  4.55 14.86 3.734
v  3.355 14.86 5.196
v  2.052 14.86 1.684
v  4.55 -2.28642e-16 3.734
v  3.355 -3.18163e-16 5.196
v  7.465 2.97528e-16 -4.859
v  2.052 -1.03115e-16 1.684
v  4.933 -3.98316e-16 6.505
v  6.144 -3.08672e-16 5.041
v  8.544 -4.293e-16 7.011
v  13.948 -2.93303e-17 0.479
v  13.948 12.183 0.479
v  9.68 12.183 7.943
v  15.059 12.183 1.393
v  8.544 12.183 7.011
v  9.68 -4.86368e-16 7.943
v  15.059 -8.52966e-17 1.393
v  5.416 11.26 -6.546
v  2.052 11.26 1.684
v  7.465 11.26 -4.859
v  0 11.26 6.89476e-16
v  0 0 0
v  5.416 4.00827e-16 -6.546

# 0 UV coordinates

# 26 vertex normals
vn 0 1 0
vn -0.774264 0 -0.632863
vn -0.770504 0 -0.637435
vn -0.638456 0 0.769659
vn -0.634465 0 0.772952
vn -0.634383 0 0.773019
vn 0.770546 -0 0.637384
vn 0.770498 -0 0.637442
vn 0.635641 0 -0.771985
vn -7.71684e-24 -1 -6.12323e-17
vn 0 -1 -6.12323e-17
vn 1.20489e-23 -1 -6.12323e-17
vn 5.94881e-24 -1 -6.12323e-17
vn -2.05124e-23 -1 -6.12323e-17
vn -0.634275 0 0.773108
vn 0.772805 -0 0.634644
vn 0.635317 0 -0.772251
vn -0.770498 0 -0.637442
vn 0 -1 -6.12323e-17
vn 1.73665e-23 -1 -6.12323e-17
vn -0.634386 -4.73336e-17 0.773017
vn 0.770504 -0 0.637435
vn 0.635615 0 -0.772006
vn -0.770474 0 -0.637471
vn -0.770474 3.90339e-17 -0.637471
vn -9.38939e-24 -1 -6.12323e-17

# Mesh 'defaultobject' with 52 faces
g defaultobject
usemtl DefaultMaterial
f  1//1 2//1 3//1
f  2//1 1//1 4//1
f  4//1 1//1 5//1
f  5//1 1//1 6//1
f  5//1 6//1 7//1
f  6//1 1//1 8//1
f  9//2 7//2 6//2
f  7//2 9//2 10//2
f  11//3 8//3 1//3
f  8//3 11//3 12//3
f  10//4 5//4 7//4
f  5//4 10//4 13//4
f  14//5 2//5 4//5
f  2//5 14//5 15//5
f  12//6 6//6 8//6
f  6//6 12//6 9//6
f  13//7 4//7 5//7
f  4//7 13//7 14//7
f  15//8 3//8 2//8
f  3//8 15//8 16//8
f  16//9 1//9 3//9
f  1//9 16//9 11//9
f  11//10 9//10 12//10
f  9//10 11//10 14//11
f  14//11 11//10 15//12
f  15//12 11//10 16//13
f  9//10 13//14 10//14
f  13//14 9//10 14//11
f  17//1 18//1 19//1
f  18//1 17//1 20//1
f  15//15 18//15 20//15
f  18//15 15//15 21//15
f  21//16 19//16 18//16
f  19//16 21//16 22//16
f  22//17 17//17 19//17
f  17//17 22//17 16//17
f  16//18 20//18 17//18
f  20//18 16//18 15//18
f  16//13 21//19 15//12
f  21//19 16//13 22//20
f  23//1 24//1 25//1
f  24//1 23//1 26//1
f  27//21 24//21 26//21
f  24//21 27//21 12//6
f  12//22 25//22 24//22
f  25//22 12//22 11//22
f  11//23 23//23 25//23
f  23//23 11//23 28//23
f  28//24 26//24 23//24
f  26//24 28//24 27//25
f  28//26 12//10 27//26
f  12//10 28//26 11//10

