# {"id":"ID_2039","idOriginal":"ID_2039","origin":[14.288242486885139,48.26781476868355],"elevation":279.87,"wof":[{"Id":102049853,"Name":"Linz","Placetype":"county","Offset":-1},{"Id":101748071,"Name":"Linz","Placetype":"locality","Offset":-1},{"Id":85681677,"Name":"Oberösterreich","Placetype":"region","Offset":-1},{"Id":85898435,"Name":"Oed","Placetype":"neighbourhood","Offset":-1},{"Id":85632785,"Name":"Austria","Placetype":"country","Offset":-1}]}

# Attribution: City of Linz <http://geo.data.linz.gv.at/katalog/geodata/3d_geo_daten_lod2/>
# Longitude: 14.288242486885139
# Latitude: 48.26781476868355
# Elevation: 279.87

# File produced by Open Asset Import Library (http://www.assimp.sf.net)
# (assimp v3.1.0)


# 99 vertex positions
v  12.038 7.649 14.698
v  9.784 7.649 14.759
v  10.436 7.649 15.751
v  6.184 7.649 5.831
v  9.338 7.649 14.08
v  4.574 7.649 6.897
v  4.574 -4.22319e-16 6.897
v  9.338 -8.62151e-16 14.08
v  10.436 -9.64471e-16 15.751
v  9.784 -9.03728e-16 14.759
v  12.038 -8.99993e-16 14.698
v  6.184 -3.57046e-16 5.831
v  19.089 13.32 -2.719
v  12.014 13.908 -7.96
v  16.574 13.908 -1.053
v  14.529 13.32 -9.626
v  9.499 13.32 -6.294
v  14.059 13.32 0.613
v  9.499 3.85396e-16 -6.294
v  14.059 -3.75354e-17 0.613
v  19.089 1.66491e-16 -2.719
v  16.574 6.44777e-17 -1.053
v  14.529 5.89422e-16 -9.626
v  12.014 4.87409e-16 -7.96
v  23.086 7.648 18.31
v  19.992 7.648 9.6
v  18.132 7.648 10.832
v  24.934 7.648 17.086
v  23.086 -1.12116e-15 18.31
v  24.934 -1.04622e-15 17.086
v  19.992 -5.8783e-16 9.6
v  18.132 -6.63269e-16 10.832
v  32.603 12.91 12.004
v  25.021 12.91 6.267
v  29.963 12.91 13.753
v  17.169 12.91 -11.375
v  19.089 12.91 -2.719
v  14.529 12.91 -9.626
v  25.021 -3.83743e-16 6.267
v  29.963 -8.42128e-16 13.753
v  32.603 -7.35033e-16 12.004
v  17.169 6.96518e-16 -11.375
v  4.206 14.14 -2.787
v  12.038 13.53 14.698
v  14.626 14.14 12.998
v  6.184 13.53 5.831
v  4.057 14.105 -2.688
v  1.625 13.53 -1.076
v  6.788 13.53 -4.497
v  17.214 13.53 11.297
v  1.625 6.5886e-17 -1.076
v  17.214 -6.91742e-16 11.297
v  14.626 -7.95898e-16 12.998
v  6.788 2.75362e-16 -4.497
v  4.206 1.70655e-16 -2.787
v  4.057 1.64593e-16 -2.688
v  22.507 13.908 7.933
v  29.963 13.32 13.753
v  25.021 13.32 6.267
v  27.449 13.908 15.419
v  19.992 13.32 9.6
v  24.934 13.32 17.086
v  27.449 -9.44141e-16 15.419
v  22.507 -4.85756e-16 7.933
v  19.992 12.62 9.6
v  16.574 12.62 -1.053
v  14.059 12.62 0.613
v  19.089 12.62 -2.719
v  22.507 12.62 7.933
v  25.021 12.62 6.267
v  6.788 12.84 -4.497
v  14.059 12.84 0.613
v  9.499 12.84 -6.294
v  17.214 12.84 11.297
v  18.068 12.84 10.736
v  19.992 12.84 9.6
v  18.132 12.84 10.832
v  18.068 -6.5739e-16 10.736
v  0.112 7.58 -0.074
v  6.184 7.58 5.831
v  1.625 7.58 -1.076
v  4.574 7.58 6.897
v  0 7.58 4.64141e-16
v  0 0 0
v  0.112 4.53119e-18 -0.074
v  38.805 13.352 7.895
v  20.312 14.16 -13.457
v  35.746 14.16 9.922
v  35.877 13.352 3.46
v  35.194 13.352 2.425
v  23.371 13.352 -15.484
v  17.169 13.33 -11.375
v  32.603 13.33 12.004
v  38.805 -4.83429e-16 7.895
v  35.746 -6.07547e-16 9.922
v  35.877 -2.11864e-16 3.46
v  35.194 -1.48488e-16 2.425
v  23.371 9.48122e-16 -15.484
v  20.312 8.24004e-16 -13.457

# 0 UV coordinates

# 137 vertex normals
vn 0 1 0
vn -0.833369 0 0.552717
vn -0.835818 0 0.549006
vn -0.835662 -3.0311e-05 0.549245
vn -0.835725 0 0.549148
vn -4.80824e-19 1 6.15455e-17
vn 0.549272 -0 0.835644
vn 0.834532 0 -0.550959
vn -0.552068 0 -0.833799
vn 1.92643e-23 -1 -6.12323e-17
vn 1.6915e-23 -1 -6.12323e-17
vn -5.50918e-22 -1 -6.12321e-17
vn 9.54264e-24 -1 -6.12323e-17
vn 0.159656 0.981529 -0.105405
vn 0.159656 0.981529 -0.105405
vn -0.159656 0.981529 0.105405
vn -0.159656 0.981529 0.105405
vn -0.834533 0 0.550958
vn 0.55225 -0 0.833679
vn 0.55225 7.63274e-08 0.833679
vn 0.55225 0 0.833679
vn 0 -1 -7.40149e-17
vn 0.834533 0 -0.550958
vn -0.55225 0 -0.833679
vn -0.55225 2.18078e-08 -0.833679
vn -0.55225 0 -0.833679
vn -5.55112e-17 -1 -1.66533e-16
vn 0.552199 -0 0.833712
vn 0.834546 0 -0.550938
vn -0.552215 0 -0.833702
vn -0.833659 0 0.55228
vn -4.26006e-23 -1 -6.12323e-17
vn 3.70347e-23 -1 -6.12324e-17
vn -0.834533 0 0.550958
vn -0.834557 2.7662e-05 0.550922
vn -0.834533 -3.59872e-05 0.550958
vn -0.834557 0 0.550922
vn -0.834546 0 0.550938
vn 0.552293 -0 0.83365
vn 0.834546 0 -0.550938
vn -0.552293 0 -0.83365
vn -7.45454e-24 -1 -6.12323e-17
vn -9.54783e-24 -1 -6.12323e-17
vn -0.161311 0.981142 0.106485
vn -0.161252 0.981155 0.106459
vn -0.159982 0.981392 0.106184
vn -0.16137 0.981129 0.106513
vn 0.161283 0.981149 -0.106467
vn 0.161286 0.981148 -0.106468
vn -0.834588 0 0.550874
vn -0.834532 -6.20402e-05 0.550959
vn -0.834557 0 0.550922
vn -9.4972e-20 1 6.13044e-17
vn 0.549023 -0 0.835807
vn 0.549239 -5.66821e-05 0.835665
vn 0.549136 0 0.835733
vn -4.08922e-20 1 6.11543e-17
vn 0.834562 0 -0.550914
vn -0.552164 0 -0.833735
vn -0.553359 -0.000314065 -0.832943
vn -0.552473 -6.6986e-05 -0.833531
vn -0.552164 0.00010242 -0.833735
vn -0.552537 -0 -0.833488
vn 0 -1 -6.12081e-17
vn 0 -1 -6.12323e-17
vn -3.21742e-24 -1 -6.12323e-17
vn 0.159701 0.981519 -0.105429
vn 0.159701 0.981519 -0.105429
vn -0.159631 0.981536 0.105383
vn -0.159631 0.981536 0.105383
vn 0.552402 0 0.833578
vn 0.552477 1.94712e-05 0.833528
vn 0.552402 -2.11996e-05 0.833578
vn 0.552481 0 0.833526
vn 0.834546 0 -0.550938
vn -0.552403 0 -0.833578
vn -0.552477 -1.94385e-05 -0.833528
vn -0.552441 -0 -0.833552
vn -6.22322e-20 1 6.10498e-17
vn 1.95687e-23 -1 -6.12323e-17
vn 6.23021e-20 -1 -6.11806e-17
vn 0.552403 0 0.833578
vn 0.55248 2.23151e-05 0.833526
vn 0.552403 -2.23254e-05 0.833578
vn 0.55248 0 0.833526
vn 0.834556 0 -0.550922
vn -0.55225 0 -0.833679
vn -0.55225 -8.76737e-08 -0.833679
vn -0.55225 -0 -0.833679
vn 6.93889e-18 1 6.93889e-17
vn -0.834542 0 0.550944
vn 0.549041 -0 0.835795
vn 0.552215 -0 0.833702
vn -0.832053 0 0.554696
vn -0.834562 0 0.550914
vn 0.834542 0 -0.550944
vn 0.834533 -1.39995e-05 -0.550958
vn 0.834542 1.08147e-05 -0.550944
vn 0.834533 0 -0.550958
vn -0.552499 0 -0.833514
vn 0 -1 -6.12318e-17
vn -0.833386 -3.38426e-17 0.552691
vn -0.833386 0 0.552691
vn 0.552068 -0 0.833799
vn 0.834588 0 -0.550874
vn -0.551257 0 -0.834335
vn -0.552154 1.90469e-05 -0.833742
vn -0.551257 -0.000257486 -0.834335
vn -0.552154 0 -0.833742
vn -2.97831e-24 -1 -6.12323e-17
vn 0.179456 0.976606 -0.118471
vn 0.179488 0.976597 -0.118499
vn 0.179291 0.976656 -0.118315
vn 0.179456 0.976606 -0.118472
vn -0.179434 0.976612 0.118456
vn -0.179434 0.976612 0.118456
vn -0.834546 0 0.550938
vn 0.55225 -0 0.833679
vn 0.552364 -3.6633e-05 0.833603
vn 0.552309 0 0.833639
vn 0 1 6.12646e-17
vn 0.834531 0 -0.55096
vn 0.834647 8.35188e-05 -0.550785
vn 0.834544 -8.41412e-06 -0.550942
vn 0.834531 -5.59109e-05 -0.55096
vn 0.834647 0.000300437 -0.550785
vn 0.834544 0 -0.550942
vn -0.552249 0 -0.833679
vn -0.552365 3.6789e-05 -0.833603
vn -0.552249 -4.02026e-05 -0.833679
vn -0.552371 0 -0.833598
vn 3.20804e-23 -1 -6.12324e-17
vn 4.11968e-24 -1 -6.12323e-17
vn 1.0713e-23 -1 -6.12323e-17
vn 0 -1 -6.12324e-17
vn 2.09399e-23 -1 -6.12324e-17
vn -2.15123e-23 -1 -6.12323e-17

# Mesh 'defaultobject' with 208 faces
g defaultobject
usemtl DefaultMaterial
f  1//1 2//1 3//1
f  2//1 1//1 4//1
f  2//1 4//1 5//1
f  5//1 4//1 6//1
f  7//2 5//2 6//2
f  5//2 7//2 8//2
f  5//3 8//3 2//3
f  2//4 8//4 3//4
f  3//5 8//5 9//5
f  9//6 8//6 10//6
f  9//7 1//7 3//7
f  1//7 9//7 11//7
f  11//8 4//8 1//8
f  4//8 11//8 12//8
f  12//9 6//9 4//9
f  6//9 12//9 7//9
f  10//10 11//10 9//10
f  11//10 10//10 12//11
f  12//11 10//10 8//12
f  12//11 8//12 7//13
f  13//14 14//14 15//14
f  14//14 13//14 16//15
f  17//16 15//16 14//16
f  15//16 17//16 18//17
f  19//18 18//18 17//18
f  18//18 19//18 20//18
f  20//19 15//19 18//19
f  15//19 20//19 13//20
f  13//20 20//19 21//21
f  21//22 20//22 22//22
f  21//23 16//23 13//23
f  16//23 21//23 23//23
f  14//24 19//24 17//24
f  19//24 14//24 16//25
f  19//24 16//25 23//26
f  19//27 23//27 24//27
f  19//27 22//22 20//22
f  22//22 19//27 24//27
f  22//22 24//27 21//22
f  21//22 24//27 23//27
f  25//1 26//1 27//1
f  26//1 25//1 28//1
f  29//28 28//28 25//28
f  28//28 29//28 30//28
f  30//29 26//29 28//29
f  26//29 30//29 31//29
f  31//30 27//30 26//30
f  27//30 31//30 32//30
f  32//31 25//31 27//31
f  25//31 32//31 29//31
f  29//32 31//32 30//32
f  31//32 29//32 32//33
f  33//1 34//1 35//1
f  34//1 33//1 36//1
f  34//1 36//1 37//1
f  37//1 36//1 38//1
f  23//34 37//34 38//34
f  37//35 23//35 34//35
f  34//36 23//36 21//36
f  34//37 21//37 39//37
f  34//38 39//38 35//38
f  35//38 39//38 40//38
f  40//39 33//39 35//39
f  33//39 40//39 41//39
f  41//40 36//40 33//40
f  36//40 41//40 42//40
f  42//41 38//41 36//41
f  38//41 42//41 23//41
f  39//42 41//42 40//42
f  41//42 39//42 42//43
f  42//43 39//42 21//22
f  42//43 21//22 23//27
f  43//44 44//44 45//44
f  44//45 43//45 46//45
f  46//46 43//46 47//46
f  46//47 47//47 48//47
f  49//48 45//48 50//48
f  45//48 49//48 43//49
f  51//50 46//50 48//50
f  46//51 51//51 44//51
f  44//52 51//52 11//52
f  11//53 51//53 12//53
f  11//54 45//54 44//54
f  45//55 11//55 50//55
f  50//56 11//56 52//56
f  52//57 11//53 53//57
f  52//58 49//58 50//58
f  49//58 52//58 54//58
f  54//59 43//59 49//59
f  43//60 54//60 47//60
f  47//61 54//61 48//61
f  48//62 54//62 55//62
f  48//63 55//63 51//63
f  51//64 55//64 56//64
f  12//11 53//65 11//10
f  53//65 12//11 52//66
f  52//66 12//11 54//65
f  54//65 12//11 51//64
f  54//65 51//64 56//64
f  54//65 56//64 55//64
f  57//67 58//67 59//67
f  58//67 57//67 60//68
f  61//69 60//69 57//69
f  60//69 61//69 62//70
f  60//71 40//71 58//71
f  40//72 60//72 62//72
f  40//73 62//73 63//73
f  63//74 62//74 30//74
f  40//75 59//75 58//75
f  59//75 40//75 39//75
f  39//76 57//76 59//76
f  57//77 39//77 61//77
f  61//78 39//78 31//78
f  31//79 39//79 64//79
f  31//38 62//38 61//38
f  62//38 31//38 30//38
f  63//80 39//42 40//42
f  39//42 63//80 30//32
f  39//42 30//32 31//32
f  39//42 31//32 64//81
f  65//1 66//1 67//1
f  66//1 65//1 68//1
f  68//1 65//1 69//1
f  68//1 69//1 70//1
f  69//82 39//82 70//82
f  39//83 69//83 65//83
f  39//84 65//84 64//84
f  64//85 65//85 31//85
f  39//86 68//86 70//86
f  68//86 39//86 21//86
f  21//87 66//87 68//87
f  66//87 21//87 67//88
f  67//88 21//87 20//89
f  20//90 21//90 22//90
f  20//91 65//91 67//91
f  65//91 20//91 31//38
f  64//81 21//22 39//42
f  21//22 64//81 31//32
f  21//22 31//32 22//22
f  22//22 31//32 20//22
f  71//1 72//1 73//1
f  72//1 71//1 74//1
f  72//1 74//1 75//1
f  72//1 75//1 76//1
f  77//1 76//1 75//1
f  52//92 75//92 74//92
f  75//92 52//92 78//92
f  32//93 76//93 77//93
f  76//93 32//93 31//93
f  78//94 77//94 75//94
f  77//94 78//94 32//94
f  54//95 74//95 71//95
f  74//95 54//95 52//95
f  31//29 72//96 76//96
f  72//97 31//97 73//97
f  73//98 31//98 20//98
f  73//99 20//99 19//99
f  19//100 71//100 73//100
f  71//100 19//100 54//100
f  32//33 20//22 31//32
f  20//22 32//33 78//101
f  20//22 78//101 52//66
f  20//22 52//66 54//65
f  20//22 54//65 19//27
f  79//1 80//1 81//1
f  80//1 79//1 82//1
f  82//1 79//1 83//1
f  84//102 82//102 83//102
f  82//102 84//102 7//103
f  7//104 80//104 82//104
f  80//104 7//104 12//104
f  12//105 81//105 80//105
f  81//105 12//105 51//105
f  79//106 84//106 83//106
f  84//107 79//107 81//107
f  84//108 81//108 85//108
f  85//109 81//109 51//109
f  85//110 7//13 84//110
f  7//13 85//110 12//11
f  12//11 85//110 51//64
f  86//111 87//111 88//111
f  87//112 86//112 89//112
f  87//113 89//113 90//113
f  87//111 90//114 91//114
f  92//115 88//115 87//115
f  88//115 92//115 93//116
f  42//117 93//117 92//117
f  93//117 42//117 41//117
f  41//118 88//118 93//118
f  88//119 41//119 86//119
f  86//120 41//120 94//120
f  94//121 41//121 95//121
f  94//122 89//122 86//122
f  89//123 94//123 90//123
f  90//124 94//124 91//124
f  91//125 94//125 96//125
f  91//126 96//126 97//126
f  91//124 97//127 98//127
f  87//128 42//128 92//128
f  42//129 87//129 91//129
f  42//130 91//130 99//130
f  99//131 91//131 98//131
f  42//43 95//132 41//42
f  95//132 42//43 94//133
f  94//133 42//43 96//134
f  96//134 42//43 97//135
f  97//135 42//43 99//136
f  97//135 99//136 98//137

