# {"id":"_1525","idOriginal":"_1525","origin":[14.27436097824376,48.29680442803745],"elevation":300.64}
# Longitude: 14.27436097824376
# Latitude: 48.29680442803745
# Elevation: 300.64

# File produced by Open Asset Import Library (http://www.assimp.sf.net)
# (assimp v3.1.0)

mtllib _1525.obj.mtl

# 62 vertex positions
v  16.163 18.243 41.033
v  30.426 18.243 49.059
v  25.762 18.243 37.223
v  20.825 18.243 52.87
v  20.825 -3.23735e-15 52.87
v  30.426 -3.004e-15 49.059
v  25.762 -2.27925e-15 37.223
v  16.163 -2.51255e-15 41.033
v  13.822 9.644 6.92
v  7.811 9.644 19.83
v  17.408 9.644 16.021
v  4.226 9.644 10.729
v  6.36 9.644 16.147
v  4.226 -6.56962e-16 10.729
v  7.811 -1.21424e-15 19.83
v  6.36 -9.88719e-16 16.147
v  17.408 -9.81003e-16 16.021
v  13.822 -4.23728e-16 6.92
v  37.249 25.19 66.374
v  34.758 25.19 77.927
v  40.848 25.19 75.509
v  31.244 25.19 79.321
v  27.646 25.19 70.186
v  29.526 25.19 74.96
v  27.646 -4.29765e-15 70.186
v  31.244 -4.85701e-15 79.321
v  29.526 -4.58998e-15 74.96
v  40.848 -4.62359e-15 75.509
v  34.758 -4.77165e-15 77.927
v  37.249 -4.06424e-15 66.374
v  20.825 20.91 52.87
v  35.323 20.91 61.488
v  30.426 20.91 49.059
v  25.721 20.91 65.3
v  25.721 -3.99847e-15 65.3
v  35.323 -3.76505e-15 61.488
v  0 6.85 4.19442e-16
v  11.412 6.85 0.805
v  9.595 6.85 -3.806
v  13.822 6.85 6.92
v  4.226 6.85 10.729
v  0 0 0
v  11.412 -4.9292e-17 0.805
v  9.595 2.3305e-16 -3.806
v  19.422 12.801 21.134
v  12.526 12.801 31.8
v  22.124 12.801 27.991
v  18.652 12.801 19.179
v  17.408 12.801 16.021
v  7.811 12.801 19.83
v  12.526 -1.94719e-15 31.8
v  22.124 -1.71395e-15 27.991
v  19.422 -1.29408e-15 21.134
v  18.652 -1.17438e-15 19.179
v  25.721 23.19 65.3
v  37.249 23.19 66.374
v  35.323 23.19 61.488
v  27.646 23.19 70.186
v  12.526 15.738 31.8
v  25.762 15.738 37.223
v  22.124 15.738 27.991
v  16.163 15.738 41.033

# 0 UV coordinates

# 66 vertex normals
vn -0 1 0
vn 0.368936 -0 0.929455
vn 0.930373 0 -0.366615
vn -0.368919 0 -0.929462
vn -0.930437 0 0.366452
vn 0 -1 -6.12323e-17
vn 0 -1 -6.12323e-17
vn -0.93043 0 0.366471
vn -0.930398 -5.21603e-05 0.366551
vn -0.930417 0 0.366503
vn -2.12686e-19 1 6.13069e-17
vn 0.368901 -0 0.929469
vn 0.930382 0 -0.366592
vn -0.368935 0 -0.929455
vn 5.9095e-24 -1 -6.12323e-17
vn 5.72301e-24 -1 -6.12323e-17
vn 0 -1 -6.12323e-17
vn -0.930453 0 0.366412
vn -0.930406 -2.57823e-05 0.36653
vn -0.930431 0 0.366468
vn 6.95628e-20 1 6.12153e-17
vn 0.368743 -0 0.929531
vn 0.369021 -4.48709e-05 0.929421
vn 0.36892 0 0.929461
vn 1.42959e-20 1 6.12581e-17
vn 0.930396 0 -0.366556
vn -0.368953 0 -0.929448
vn 8.78809e-23 -1 -6.12323e-17
vn 8.30755e-23 -1 -6.12323e-17
vn -2.85198e-23 -1 -6.12324e-17
vn -1.81033e-23 -1 -6.12323e-17
vn 0.368987 -0 0.929435
vn 0.93039 0 -0.366572
vn -0.368936 0 -0.929455
vn -0.930425 0 0.366481
vn -4.29603e-23 -1 -6.12323e-17
vn -0.930425 -2.24405e-17 0.366481
vn -0.930425 0 0.366481
vn 0.368934 -0 0.929455
vn 0.930353 0 -0.366664
vn 0.930371 4.59853e-05 -0.36662
vn 0.930353 -3.46956e-05 -0.366664
vn 0.930371 0 -0.36662
vn -0.368717 0 -0.929542
vn -0.368717 5.6918e-17 -0.929542
vn 1.77905e-24 -1 -6.12323e-17
vn 1.65544e-23 -1 -6.12323e-17
vn -0.93042 0 0.366494
vn 0.368868 -0 0.929482
vn 0.930373 0 -0.366614
vn 0.930433 9.35871e-05 -0.366462
vn 0.930415 5.65853e-05 -0.366509
vn 0.930394 0 -0.366561
vn 0 -1 -6.12509e-17
vn -2.96851e-19 1 6.1374e-17
vn -0.368901 0 -0.929469
vn 3.18828e-24 -1 -6.12323e-17
vn 2.96653e-19 -1 -6.1333e-17
vn -0.930395 0 0.36656
vn 0.368953 -0 0.929448
vn 0.93033 0 -0.366724
vn -0.368987 0 -0.929435
vn -0.930417 0 0.366503
vn 0.368919 -0 0.929462
vn 0.930369 0 -0.366625
vn -0.368868 0 -0.929482

# Mesh 'defaultobject' with 120 faces
g defaultobject
usemtl DefaultMaterial
f  1//1 2//1 3//1
f  2//1 1//1 4//1
f  5//2 2//2 4//2
f  2//2 5//2 6//2
f  6//3 3//3 2//3
f  3//3 6//3 7//3
f  7//4 1//4 3//4
f  1//4 7//4 8//4
f  8//5 4//5 1//5
f  4//5 8//5 5//5
f  8//6 6//6 5//6
f  6//6 8//6 7//7
f  9//1 10//1 11//1
f  10//1 9//1 12//1
f  10//1 12//1 13//1
f  14//8 13//8 12//8
f  13//9 14//9 10//9
f  10//10 14//10 15//10
f  15//11 14//11 16//11
f  15//12 11//12 10//12
f  11//12 15//12 17//12
f  17//13 9//13 11//13
f  9//13 17//13 18//13
f  18//14 12//14 9//14
f  12//14 18//14 14//14
f  16//15 17//15 15//15
f  17//15 16//15 14//16
f  17//15 14//16 18//17
f  19//1 20//1 21//1
f  20//1 19//1 22//1
f  22//1 19//1 23//1
f  22//1 23//1 24//1
f  25//18 24//18 23//18
f  24//19 25//19 22//19
f  22//20 25//20 26//20
f  26//21 25//21 27//21
f  26//22 20//22 22//22
f  20//23 26//23 21//23
f  21//24 26//24 28//24
f  28//25 26//21 29//25
f  28//26 19//26 21//26
f  19//26 28//26 30//26
f  30//27 23//27 19//27
f  23//27 30//27 25//27
f  30//28 27//28 25//28
f  27//28 30//28 26//29
f  26//29 30//28 29//30
f  29//30 30//28 28//31
f  31//1 32//1 33//1
f  32//1 31//1 34//1
f  35//32 32//32 34//32
f  32//32 35//32 36//32
f  36//33 33//33 32//33
f  33//33 36//33 6//33
f  6//34 31//34 33//34
f  31//34 6//34 5//34
f  5//35 34//35 31//35
f  34//35 5//35 35//35
f  5//6 36//36 35//36
f  36//36 5//6 6//6
f  37//1 38//1 39//1
f  38//1 37//1 40//1
f  40//1 37//1 41//1
f  42//37 41//37 37//37
f  41//37 42//37 14//38
f  14//39 40//39 41//39
f  40//39 14//39 18//39
f  18//40 38//40 40//40
f  38//41 18//41 39//41
f  39//42 18//42 43//42
f  39//43 43//43 44//43
f  44//44 37//44 39//44
f  37//44 44//44 42//45
f  44//46 14//16 42//46
f  14//16 44//46 43//47
f  14//16 43//47 18//17
f  45//1 46//1 47//1
f  46//1 45//1 48//1
f  46//1 48//1 49//1
f  46//1 49//1 50//1
f  15//10 46//48 50//48
f  46//48 15//10 51//48
f  51//49 47//49 46//49
f  47//49 51//49 52//49
f  52//50 45//50 47//50
f  45//51 52//51 48//51
f  48//52 52//52 49//52
f  49//53 52//53 17//53
f  17//15 52//54 53//54
f  17//55 53//55 54//55
f  17//56 50//56 49//56
f  50//56 17//56 15//56
f  17//15 51//57 15//15
f  51//57 17//15 53//54
f  51//57 53//54 52//54
f  53//54 17//15 54//58
f  55//1 56//1 57//1
f  56//1 55//1 58//1
f  35//59 58//59 55//59
f  58//59 35//59 25//59
f  25//60 56//60 58//60
f  56//60 25//60 30//60
f  30//61 57//61 56//61
f  57//61 30//61 36//61
f  36//62 55//62 57//62
f  55//62 36//62 35//62
f  35//36 30//28 25//28
f  30//28 35//36 36//36
f  59//1 60//1 61//1
f  60//1 59//1 62//1
f  51//63 62//63 59//63
f  62//63 51//63 8//63
f  8//64 60//64 62//64
f  60//64 8//64 7//64
f  7//65 61//65 60//65
f  61//65 7//65 52//65
f  52//66 59//66 61//66
f  59//66 52//66 51//66
f  51//57 7//7 8//6
f  7//7 51//57 52//54

